Taxa,PC1,PC2,PC3,PC4,PC5
MOB001,6.0234103,15.582237,0.4426701,-2.5410457,-2.9126077
MOB002,7.768783,5.733539,1.73634,0.45113355,0.9993684
MOB003,8.142225,11.698563,-2.9590282,-5.453048,-0.69173336
MOB004,7.51777,12.853238,-8.03609,-4.068839,-1.5910107
MOB005,7.6358123,11.187874,-3.9107893,-7.3022776,-1.369904
MOB006,6.8103747,11.914738,-7.8583183,-5.9422975,-1.6195866
MOB007,7.116021,12.211123,-7.580667,-4.6324034,-1.0998712
MOB008,7.1754107,13.347891,-2.9587564,-5.342828,-1.612551
MOB009,6.9266267,13.729381,-7.8248878,-5.3926735,-0.96481806
MOB010,7.831739,11.776008,-9.423483,-6.8069525,-0.62242913
MOB011,7.41839,14.126215,0.7057313,-2.9975476,-1.2127331
MOB012,7.1677833,15.756409,-4.9015856,-2.347085,-1.5183964
MOB013,6.8967805,15.441836,2.692549,-2.8862505,-2.394898
MOB014,7.5644765,15.820383,-0.71606493,-2.8715281,-1.7037474
MOB015,8.539945,9.37558,-15.443382,-7.0474896,0.033618487
MOB016,7.957425,11.723007,-17.998493,-5.033542,-0.6262222
MOB017,8.114951,14.471246,-4.974078,-3.3114457,-2.4356222
MOB018,8.57298,13.585231,-6.4311123,-4.885675,-2.1577563
MOB019,7.387514,11.127765,-3.082269,-6.855022,0.3622659
MOB020,8.002645,11.155252,-4.3861294,-5.980883,-1.0232667
MOB021,7.114399,11.343848,-2.1663792,-5.0620265,-1.2436577
MOB022,6.6121135,14.234481,1.2205064,-0.8998973,-1.84525
MOB023,7.770312,14.448524,-6.0761876,-5.182507,-1.5326117
MOB024,8.051053,11.517602,-10.110337,-7.019841,-0.4004884
MOB025,6.126759,14.93862,0.5218375,-5.3539944,-5.0539317
MOB026,6.126984,12.270692,-4.2386622,-9.16902,-4.7018914
MOB027,5.6158843,13.654859,-4.545125,-9.231133,-2.4245026
MOB028,6.891729,13.615737,-6.75021,-9.256354,-2.0009797
MOB029,6.0137415,14.91651,-1.967351,-6.7473674,-1.5352758
MOB030,6.764678,8.193049,-6.8381233,-12.417338,-3.1201653
MOB031,11.257604,-6.8873863,3.842824,-11.343134,3.9448316
MOB032,5.4303946,10.417902,-4.7943635,-10.624478,-3.8147726
MOB033,7.6635528,14.140085,-11.578135,-6.154357,-2.4502032
MOB034,6.289156,17.86298,-4.55454,-4.7853494,-4.226164
MOB035,8.762774,9.284197,-11.146401,-11.9574175,-2.653578
MOB036,7.0246625,12.415223,-2.483879,-9.61276,-3.6563675
MOB037,5.1572814,15.48715,-5.613833,-4.5081477,-4.7961063
MOB038,6.0581503,16.396124,-4.4298353,-3.47383,-3.1150613
MOB039,6.6779647,15.596974,-11.074106,-4.856047,-2.0583622
MOB040,9.025054,10.789493,-5.291761,-9.208672,0.80052
MOB041,8.985503,9.626357,-9.74456,-10.98146,-2.2936406
MOB042,8.826401,10.552521,-7.307185,-9.120417,0.51294607
MOB043,8.29673,10.055194,-8.319485,-10.454233,-1.9900786
MOB044,8.914858,10.363545,-6.6825356,-9.44562,0.18428545
MOB045,7.23896,9.19079,-10.222902,-7.4268045,-1.0668375
MOB046,7.6655536,10.905777,-5.7328067,-6.4349017,0.25584522
MOB047,8.211824,10.266807,-7.3626156,-5.26878,1.1773181
MOB048,8.118868,10.557426,-9.343708,-5.0594068,-0.056298994
MOB049,5.838718,12.590565,-3.5599337,-2.6148062,-0.5510127
MOB050,7.1954355,13.055582,-2.8610892,-3.223155,-0.019178929
MOB051,8.98163,10.991146,-11.559354,-7.0695806,0.74406093
MOB052,8.949369,10.121538,-9.840024,-8.077723,0.3161149
MOB053,8.754892,9.21596,-10.636938,-7.2288094,-1.4843985
MOB054,6.4565187,13.032962,-6.96971,-2.929269,-2.9468722
MOB055,7.1370535,12.69617,-6.0730677,-4.1248174,-2.1915772
MOB056,8.158351,9.155259,-7.2520247,-3.6769063,-0.07303955
MOB057,6.8416467,9.418046,-15.05892,-2.6163156,-1.5374864
MOB058,6.7890577,9.837707,-14.603014,-2.5081525,-1.2849231
MOB059,7.8603816,9.676274,-11.034323,-4.046594,-3.117293
MOB060,6.835624,9.340458,-9.882502,-3.6598253,-2.6017559
MOB061,7.419616,9.159531,-12.145653,-4.076961,-1.7036445
MOB062,4.109617,-6.6767964,-0.1479445,7.110029,2.366156
MOB063,7.4115057,8.877945,-13.379582,-6.6980863,-0.9404281
MOB064,7.752749,9.644059,-14.270561,-7.319893,-0.39861688
MOB065,7.753766,9.14374,-14.394521,-7.1487365,-1.0959746
MOB066,6.1651206,9.338591,-11.259539,-5.733044,-2.341504
MOB067,8.545601,8.55013,-10.555282,-6.7619348,-1.3682619
MOB068,6.8135495,6.8119454,-10.177254,-7.5017476,-2.6547146
MOB069,7.580476,9.381625,-10.583784,-5.2068357,-0.34911957
MOB070,3.8741848,9.653717,0.15401685,-0.49029967,0.50367105
MOB071,3.8013978,4.839435,-5.5314813,7.1411514,1.6848524
MOB072,5.0538516,7.4476852,6.2405367,1.578614,-0.12567946
MOB073,5.2483044,3.9819512,-1.9290085,6.5438466,0.8351107
MOB074,3.0200672,9.851846,0.013433578,1.7515594,-0.084348075
MOB075,3.4978857,10.61465,-5.844872,-5.2696443,-3.670772
MOB076,4.4655795,6.7961574,-9.803592,-10.536575,-2.6093645
MOB077,6.0057316,10.052712,-9.417548,-8.631425,-4.015341
MOB078,5.1937833,7.351832,-15.354491,-11.6171055,-1.1927099
MOB079,5.40225,7.0250177,-13.566892,-9.210231,-3.5460842
MOB080,5.798532,11.525591,-7.339024,-5.849517,-5.5871835
MOB081,5.635793,9.451909,-9.013013,-7.0665007,-4.1107974
MOB082,6.883075,7.398204,-16.275032,-9.113911,-2.0223289
MOB083,2.8874679,7.916958,-2.3576214,-5.8099174,-4.1979938
MOB084,4.134825,7.966379,-3.2549803,-7.627522,-4.4790373
MOB085,2.382843,4.813655,-12.618063,-5.9845757,-1.3252037
MOB086,7.5902567,6.0776777,2.020195,-0.6085253,-0.70893013
MOB087,7.6159635,4.435911,-4.785583,0.3630148,-0.96078235
MOB088,6.714106,3.0231342,-3.7654505,-2.7218683,-1.7805332
MOB089,7.7495675,4.65135,2.941031,-3.0821717,-0.98241746
MOB090,7.779487,6.7570386,3.9087207,2.0685306,-4.0683365
MOB091,7.8623724,7.314807,4.340481,-1.0039413,-0.5223601
MOB092,7.5764837,3.453654,-4.1484013,-3.011669,0.037159972
MOB093,6.918988,5.0879636,0.96701586,-2.483269,-3.7568069
MOB094,8.741077,5.141059,-1.9576341,-0.77388203,0.4622228
MOB095,6.590252,3.7791533,3.936626,1.2972518,-2.4309342
MOB096,6.8245277,1.2338313,-4.496488,-2.7891808,-1.6777873
MOB097,5.883239,7.049655,3.3982365,2.2193103,-4.6743717
MOB098,7.720209,2.6281538,-1.9614083,-2.4059906,-3.7247272
MOB099,6.9889336,2.1190073,-1.2586478,-2.2676954,-2.015476
MOB100,7.821633,5.3863516,4.2338953,0.038380094,-0.91176254
MOB101,7.9541917,4.9048357,3.486512,-3.6018562,0.27459708
MOB102,6.8162704,3.713855,0.44300938,-8.726137,-3.7725582
MOB103,6.0209374,7.5581603,9.645434,-11.656715,-5.222159
MOB104,5.9687304,7.1566453,9.157023,-10.629822,-5.0931325
MOB105,5.55629,8.338227,10.384415,-10.742924,-5.933075
MOB106,6.324777,7.5980887,7.641449,-10.635998,-6.824567
MOB107,6.7044954,5.601522,6.5337944,-6.545894,-4.7678437
MOB108,6.818084,2.930178,2.4688816,-10.129995,-4.8491592
MOB109,6.758224,3.0443327,1.3384874,-11.135715,-3.3832293
MOB110,7.852128,4.266142,-0.2736855,-10.620478,-4.6978416
MOB111,6.9478517,3.9984062,6.266814,-12.53191,-3.004111
MOB112,4.9511046,2.7984176,3.1072745,-10.973125,-6.5276685
MOB113,6.6248035,7.3861547,5.69861,-10.505201,-2.5303948
MOB114,6.740537,-2.3042283,-5.311365,-11.874528,-3.6771224
MOB115,6.4569554,2.8077774,2.8462558,-11.085379,-4.997909
MOB116,4.7141895,4.6102085,4.4177103,-12.686921,-4.2086415
MOB117,5.316077,0.78712845,0.23160096,-12.815851,-4.0452204
MOB118,6.2217655,6.208179,3.2153027,-9.950149,-5.471688
MOB119,5.5604243,6.882794,1.9810824,-8.078541,-4.213674
MOB120,6.6475186,-1.4508276,-2.4341466,-12.128504,-4.1317143
MOB121,6.7913213,4.162429,5.795772,-8.905806,-5.237499
MOB122,5.9480934,6.086443,7.501614,-11.7092905,-6.2175136
MOB123,6.1691813,5.8175416,5.8584847,-11.056276,-4.5798693
MOB124,5.403434,5.1221147,9.885992,-8.576138,-6.0256615
MOB125,5.6138687,-0.83378,-1.5307428,-5.7005277,-6.311259
MOB126,7.134644,1.6759573,6.003361,-9.312832,-5.272039
MOB127,7.718079,-3.8529894,-3.8963912,-10.551161,-3.4258556
MOB128,6.5212183,0.13399005,-0.12602983,-6.742427,-6.150889
MOB129,6.8792305,0.5899343,3.2446544,-4.9173074,-6.099994
MOB130,5.5501285,2.2362664,7.2809896,-6.2439237,-4.502414
MOB131,6.091589,-0.32817793,-4.7264524,-7.922709,-4.735888
MOB132,5.547817,1.1433445,1.2682917,-8.944217,-4.0215616
MOB133,5.336456,2.7806473,4.8778715,-1.7560102,-6.6936674
MOB134,6.715288,1.0849391,-0.89162964,-9.122912,-4.834498
MOB135,6.4459443,-1.0424862,3.2869334,-7.639734,-6.406197
MOB136,7.255152,-0.2683957,4.9808187,-9.101099,-3.6253357
MOB137,7.594934,-4.9832225,-6.180733,-10.498855,-4.2221155
MOB138,6.16075,0.4195961,0.9876918,-5.912695,-6.046262
MOB139,5.347127,-0.38736972,-2.7766266,-6.059454,-5.511321
MOB140,7.097577,-1.3001367,0.95112765,-10.574365,-4.152784
MOB141,8.658661,-5.709249,11.749235,0.9697506,0.1554208
MOB142,7.4836087,0.8189275,13.443807,-4.324254,-0.16006304
MOB143,8.642308,-2.615904,10.527525,-2.4731014,0.13544378
MOB144,8.546295,-0.35615996,9.616624,-5.0242805,-0.151599
MOB145,9.544974,-7.9371624,8.869702,-4.6873493,3.800792
MOB146,10.22863,-11.8577385,4.119462,-10.038425,1.943553
MOB147,9.347152,-2.7544801,13.752522,-5.707482,3.5061364
MOB148,9.175887,-6.606228,8.505839,-4.227406,1.3404778
MOB149,9.943629,-7.0500154,6.921206,-10.950792,4.3472667
MOB150,10.409632,-6.195728,8.542203,0.4208774,2.8183386
MOB151,8.472159,-2.6083975,8.52079,-3.8597815,-1.2897149
MOB152,7.5048976,-0.07650632,6.264392,-11.37144,1.8447597
MOB153,8.978256,-4.2345486,6.060746,-3.669514,3.3557966
MOB154,6.782566,5.2754436,12.71117,-6.6510906,0.19507755
MOB155,10.653349,-9.220378,7.3934536,-3.4984915,1.7369947
MOB156,12.138983,-16.111685,2.607878,-7.0557103,4.7814884
MOB157,10.972307,-11.592373,1.4231625,-8.546983,5.3402586
MOB158,9.703285,-8.345755,10.486574,-1.0962423,2.892283
MOB159,11.012741,-16.635122,4.8080106,-1.4289726,4.726004
MOB160,11.72472,-15.076993,-0.19122672,-8.114749,4.3942513
MOB161,10.168448,-10.084963,9.237523,-2.2936232,-0.54420525
MOB162,11.553602,-12.012701,3.2533565,-7.2801523,2.3882039
MOB163,9.543134,-0.31107238,9.453186,-2.2543864,3.9514732
MOB164,10.944815,-2.3744469,6.373256,-4.141367,4.1755934
MOB165,11.529369,-8.277546,9.126007,4.4309783,5.1247416
MOB166,9.818622,-1.1879071,0.8167144,1.4698972,2.3099372
MOB167,9.22002,-1.9048098,8.349585,1.7427005,1.0760292
MOB168,10.4604845,-7.1817727,10.400653,4.8675184,4.4316573
MOB169,10.220867,-4.152078,12.929621,4.911935,2.383449
MOB170,11.326842,-6.144411,2.9136984,-0.27986908,4.062667
MOB171,13.623781,-14.401209,1.1990615,-2.5187697,7.854509
MOB172,12.101424,-12.825031,0.78308994,-3.6806104,7.406541
MOB173,10.502914,-7.674737,6.8039093,2.451365,3.5337987
MOB174,10.551154,-9.952029,8.641231,-0.20798534,4.3437304
MOB175,10.816166,-10.253951,6.678759,-2.1425354,4.4269414
MOB176,8.994785,-11.268973,5.203166,0.5674707,1.8907597
MOB177,11.004282,-5.8439274,2.0916717,-7.5249267,4.0293794
MOB178,9.73002,-9.192054,0.79413086,-9.50365,4.486428
MOB179,6.0554576,-15.551859,-2.6728728,-0.9642329,3.1886156
MOB180,9.44891,-18.693335,-2.1402748,-1.1822677,4.6415615
MOB181,10.867153,-15.660986,2.1664393,1.1098962,4.7159863
MOB182,10.110335,-8.920982,-0.7329574,-8.878629,4.4746413
MOB183,10.535489,-12.942192,-0.51687443,-9.050879,4.1027613
MOB184,10.313584,-13.318587,-2.6282926,-8.72524,5.109296
MOB185,9.514896,-5.653831,8.120775,-5.4589505,3.6544244
MOB186,9.988178,-14.928711,-0.8499295,-2.851846,4.6588564
MOB187,6.964878,-8.327323,0.623213,-1.8011379,2.400775
MOB188,10.460997,-14.617619,2.7426624,-5.1831074,3.5934687
MOB189,13.5977335,-14.859215,2.2673469,-5.984558,7.674553
MOB190,10.8331,-13.493385,2.0528455,-5.3816404,4.253958
MOB191,9.960382,-13.416868,2.1835103,-3.9420254,5.423275
MOB192,11.917297,-9.294935,4.1828375,-3.4488547,3.9238307
MOB193,10.852725,-10.307625,2.8017266,-5.570578,3.6664712
MOB194,10.667653,-6.66234,7.1760664,0.36020172,1.7979844
MOB195,10.192572,-5.3239837,7.8212,-3.4590268,2.8398333
MOB196,11.847536,-9.997836,6.627373,1.183529,5.3693304
MOB197,12.190757,-12.467834,3.7851212,-3.7888014,4.752015
MOB198,12.054365,-10.480238,3.0685868,0.45532614,4.7744565
MOB199,11.350585,-9.430707,5.044396,1.1016649,4.1422443
MOB200,11.260155,-11.652851,4.4540772,-0.9765695,4.185711
MOB201,8.056078,-7.7966304,3.4522274,-4.620279,3.6330297
MOB202,10.057489,-10.503575,3.7836418,-11.402775,3.562351
MOB203,12.2802,-13.726405,-0.9360027,-12.517503,5.1067705
MOB204,10.102138,-4.411457,4.6590767,-9.563179,1.5775689
MOB205,11.585292,-6.2441134,2.6119704,-8.63194,2.936373
MOB206,10.481718,-5.4687605,3.5234833,-8.000086,5.486508
MOB207,9.383525,-8.540411,4.9084554,-1.367718,4.914218
MOB208,10.580037,-10.729077,2.7817059,-8.099727,4.182263
MOB209,11.775151,-12.709803,2.111243,-7.33501,2.3963356
MOB210,9.841149,-7.7085476,6.1033936,-2.7284105,1.0906425
MOB211,10.231721,-6.131887,10.51707,0.53089535,1.0471724
MOB212,9.697276,-6.279459,7.4822693,-0.78994197,2.057694
MOB213,10.203989,-7.899852,3.63608,-3.385087,1.364561
MOB214,10.738858,-6.6012235,7.6270137,0.5995519,0.70352495
MOB215,9.116552,-2.047052,10.523895,3.610476,1.3337138
MOB216,11.090169,-7.7859845,3.8600197,-4.2006006,3.1545472
MOB217,10.076069,-3.4087157,9.929325,-0.30046263,1.2247853
MOB218,10.166587,-2.9838428,9.879513,2.70107,2.6282248
MOB219,11.157396,-20.58925,0.9557289,-3.007042,4.8526244
MOB220,10.064016,-14.501385,6.07102,0.56812406,1.3822342
MOB221,9.0089655,-14.774342,-0.75059444,-6.1832175,2.1054785
MOB222,9.019082,-15.721554,0.4506926,-3.5756438,1.6298515
MOB223,7.6522703,-13.843463,6.013592,-0.28059635,0.09163497
MOB224,8.098455,-12.859261,-0.37996855,-7.037528,-0.5570466
MOB225,7.0521836,-12.165652,9.257014,-1.1790292,-2.3755252
MOB226,6.637397,-8.972293,7.0979705,-2.9944596,-1.5160046
MOB227,9.479266,-16.91371,1.2118521,-5.8812866,1.7303079
MOB228,6.253254,-11.60976,7.3472934,-0.3002957,-1.0465324
MOB229,7.1018376,-11.395552,7.589513,1.2577622,-0.12320859
MOB230,5.7675357,-9.119551,6.483214,-2.6587825,-2.331095
MOB231,9.325752,-16.267836,1.5196086,-4.9689655,0.8145202
MOB232,7.6744037,-14.10308,-1.6018862,-4.311093,2.4468935
MOB233,7.6352334,-12.190451,4.587447,-2.8109026,-0.058113053
MOB234,9.578645,10.680184,-6.0302386,-9.94538,1.3824025
MOB235,11.910101,-18.264772,3.5219328,-0.8064513,3.0176713
MOB236,11.465288,-19.980091,2.1331797,-2.105007,4.6922717
MOB237,10.1664915,-15.3120165,6.326327,1.1275737,3.1651773
MOB239,6.3023553,-13.511939,3.8348026,-1.878076,-0.3491267
MOB240,-2.021304,-7.8897977,-3.9238806,-1.1682438,3.75953
MOB241,9.4954815,-17.147902,2.980714,-1.8826748,1.9454794
MOB242,11.187689,-18.531239,0.5763716,-5.185521,3.840279
MOB243,11.694573,-19.126923,-0.6838493,-5.2541394,3.5382164
MOB244,9.101004,-13.291199,3.7273319,-4.2293525,1.8585052
MOB245,10.414269,-14.555753,1.3309752,-8.570949,2.1531699
MOB246,8.777392,-14.23137,3.3683624,-6.610302,1.8345631
MOB247,8.018921,-16.385702,-1.3362265,-1.6518946,3.2614017
MOB248,8.103681,-16.016169,-0.15841727,0.41566563,2.6414435
MOB249,10.19069,-16.529451,-1.930824,-0.30887586,2.9359548
MOB250,8.7173195,-15.505594,0.3930225,3.3601403,2.521285
MOB251,5.9453454,-13.594137,-1.2497603,-10.330566,2.957665
MOB252,4.8231163,-10.533103,0.40286696,-7.2293606,0.4674303
MOB253,6.668678,-12.088358,0.32772303,-10.002911,1.2759557
MOB254,8.231344,-14.884026,-1.7543738,-11.365538,3.0064938
MOB255,7.3622932,-13.879989,0.20803636,-9.640002,3.1393695
MOB256,8.904151,-18.174618,-0.17150947,-3.029966,4.1186557
MOB257,8.221468,-17.249773,0.5780018,-3.7379222,2.9738655
MOB258,7.2425013,-16.357615,0.46586287,-1.092919,2.9472106
MOB259,6.3104124,-10.973921,2.611099,-6.1467805,-0.25693032
MOB260,-2.300861,-7.404962,-0.781507,-4.0244555,3.8135774
MOB261,7.5807447,-16.705084,-0.7819021,-3.882909,2.8208768
MOB262,8.492821,-16.714525,1.0956463,-6.157533,0.92285997
MOB263,11.563006,-17.84918,-2.2169774,-6.5713797,4.65185
MOB264,10.233228,-16.858013,-2.2895248,-9.545308,5.0152206
MOB265,8.322725,-17.450338,-2.7227924,-8.785551,4.49672
MOB266,7.2946033,-5.548462,5.6975,6.12427,3.6228027
MOB267,7.1477284,-1.2462137,8.648713,6.0262237,-0.90145147
MOB268,6.7925305,0.2973804,12.868808,9.617609,1.9793534
MOB269,8.0586405,-1.6063061,8.454617,11.0730715,1.9196168
MOB270,6.9810605,-7.311293,4.7821627,14.487418,2.6072254
MOB271,7.3880863,1.1067277,10.5925255,9.702428,-0.144661
MOB272,6.91562,-2.7843542,6.1371593,11.970618,1.9542822
MOB273,6.184036,-1.2394197,7.890894,8.700677,-0.43862304
MOB274,9.176945,-7.425728,3.9140227,7.9615974,4.875242
MOB275,8.273749,1.7437799,-0.037071932,0.017960794,-1.0493789
MOB276,5.1072354,-12.955609,-2.7887983,-0.89444584,2.6918736
MOB277,5.629113,-14.247602,-2.0733058,-0.6401682,2.7727969
MOB278,9.580701,-12.306994,-1.050769,-5.9786763,2.5861013
MOB279,8.464551,-15.39713,-2.6999156,-0.06274811,3.9785478
MOB280,8.25887,-14.926133,-1.2655054,-0.93562126,2.075854
MOB281,8.088033,-14.999131,0.36850503,-1.4380015,2.7748075
MOB282,8.039045,-15.932918,-1.7026709,1.944415,4.565836
MOB283,4.5107403,-7.3222837,0.29218957,5.203418,1.5660441
MOB284,8.114484,-9.84788,2.4947963,1.9449152,2.8859968
MOB285,4.9947877,-1.5052744,3.98567,11.263057,-1.409499
MOB286,6.0664268,-7.3173037,4.6602664,6.407716,2.7445648
MOB287,9.790793,-16.205778,1.8763449,-4.7948065,3.2199342
MOB288,8.933077,0.29519507,10.36545,13.652262,1.5120709
MOB289,8.832183,-1.5532897,5.7374268,15.634246,2.775325
MOB290,9.198285,-1.2741274,5.5172048,13.693337,0.7254591
MOB291,7.078688,1.127863,4.5597982,9.297436,1.8578998
MOB292,8.449723,2.8114736,6.923587,9.584077,0.7325231
MOB293,6.768471,-1.238706,4.1304326,14.043513,2.4591134
MOB294,9.4103775,-3.9864683,4.112203,11.988946,2.6503694
MOB295,7.7743516,0.9884104,9.106926,11.206437,0.54606384
MOB296,8.242757,-5.968847,1.0703763,14.233834,2.3989716
MOB297,7.608825,1.2772352,4.8623147,9.978562,0.31924406
MOB298,7.154105,0.22841127,4.1154547,10.49231,2.7127898
MOB299,6.081856,-1.195612,-2.9109645,9.410251,0.28686306
MOB300,7.9552073,-3.422448,-1.1846336,12.976909,-0.53496164
MOB301,6.651605,0.37049615,0.61282057,11.322108,-0.8498811
MOB302,6.4522552,-4.343828,-0.67453307,14.96107,-0.31611174
MOB303,8.760232,-5.413391,2.5824974,10.998218,2.5681565
MOB304,8.740093,-4.99755,0.1777462,13.619768,3.8584502
MOB305,5.77313,2.1940012,4.634944,6.9245844,-0.6129576
MOB306,6.8862257,0.8330746,0.11874114,7.112693,0.32558963
MOB307,-2.144885,0.16516644,-3.706346,4.706205,3.6407323
MOB308,8.012722,-1.3452615,1.7355072,9.89729,1.3626821
MOB309,8.672711,-0.87585366,4.61583,12.027335,0.7693563
MOB310,7.6157303,0.070384316,3.6548457,10.380985,1.2858576
MOB311,8.138479,-2.8845353,2.7121599,9.234763,1.044242
MOB312,7.496218,-1.5714835,3.1532981,8.614618,0.53272176
MOB313,7.619732,-0.8573493,10.021735,10.244863,-0.9612436
MOB314,5.99387,1.2104315,3.6895835,8.07854,-0.9859492
MOB315,5.9383726,3.0845053,9.729684,7.5003123,0.40463346
MOB316,4.771198,5.8838515,9.761337,7.9315753,-0.7259477
MOB317,7.4911237,-3.822227,7.5093627,12.221819,0.3821425
MOB318,-32.423195,-0.44975176,-1.5073414,-5.902144,22.128586
MOB319,-1.592156,-7.272615,-3.6095078,3.84448,-5.0015264
MOB320,-25.912514,-1.6510842,-5.2278666,-3.4908848,8.247037
MOB321,-26.186525,-2.3041265,-1.7558467,-4.259192,8.106667
MOB322,3.812305,7.509869,-18.647036,1.5721279,-4.5353785
MOB323,-3.5305123,-5.383612,-4.357448,4.512857,-4.4400673
MOB324,2.4447544,12.838772,-24.77203,5.356497,0.007387835
MOB325,-12.044737,-3.9660883,-2.956027,-0.24715956,-8.1720295
MOB326,2.5115778,10.422303,-22.695456,5.571071,0.17081349
MOB327,-32.431675,-0.4352834,-1.5126909,-5.910106,22.13861
MOB328,11.395128,-19.000978,-5.515951,-14.440511,0.21625558
MOB329,-28.00281,-4.8718367,-0.7547644,-4.552129,-0.87339437
MOB330,5.571559,-16.677736,-2.5612302,-1.3243299,-1.449292
MOB331,-0.78403586,-6.4122143,-2.1360002,2.560258,-3.948959
MOB332,0.8449868,-2.4711466,-10.824577,12.587813,-2.0327811
MOB333,-10.612653,-1.0924782,-9.810739,3.3153622,-6.225323
MOB334,-22.72518,-7.702148,-1.2246512,-2.3750527,-13.213264
MOB335,-23.382685,-2.5143015,-1.110887,-3.9011743,14.030307
MOB336,-7.2484274,-4.431262,-2.473246,2.5032701,-6.0906453
MOB337,3.3626742,-0.5508608,-12.751832,0.40226948,-1.707765
MOB338,2.31842,3.205281,-14.691954,4.5439463,-1.3457959
MOB339,-29.82586,-8.921412,0.090541005,-5.2072453,-12.546278
MOB340,-3.590763,-6.3888936,-2.03326,14.394999,-7.4445786
MOB341,2.540822,12.371607,-24.274168,5.5859656,-0.09073684
MOB342,-17.272552,-3.8833654,-2.3412256,0.905274,7.734738
MOB343,-15.158279,-5.10614,-1.0667679,-0.3620595,-0.96106225
MOB344,-2.5985153,0.2923075,-8.207017,3.2478092,-3.55515
MOB345,-5.724319,-3.4925566,-2.392048,4.0205193,-5.365709
MOB346,2.6819055,9.717547,-22.552788,4.2932377,0.4873114
MOB347,-0.40367186,0.4941936,-12.20195,14.100432,-3.4204228
MOB348,-9.813181,-3.9545877,-3.1793678,1.6486031,-6.027517
MOB349,3.8201096,-9.397465,-5.579407,13.625921,-0.3085099
MOB350,-28.089928,-0.9224323,-1.3309268,-4.5478253,19.046453
MOB351,-4.487754,-2.7495916,-2.491535,2.7690525,-3.7083087
MOB352,6.554688,-4.551983,-13.335641,-4.0829573,-0.7176048
MOB353,7.368345,-6.1039786,-12.482705,-7.0540566,0.53878504
MOB354,1.9641497,9.060321,-19.616892,7.4203606,-2.057048
MOB355,4.2061005,10.6135025,-22.785131,3.7746701,-2.1645334
MOB356,3.984104,10.277303,-22.389175,2.3925912,-1.9052413
MOB357,-26.84901,-6.435003,-1.5154345,-4.8499107,-2.92556
MOB358,-30.423405,-3.969988,-1.673306,-5.9655957,5.1008415
MOB359,8.941048,-0.61632526,-19.460068,-6.232377,2.3039107
MOB360,6.5950994,-3.1180274,-14.0410185,-2.740371,0.93744564
MOB361,8.312348,-5.154581,-15.936861,-3.470223,1.0463493
MOB362,-28.62176,-5.2911897,-1.1820983,-5.5766945,-1.0770261
MOB363,6.740435,1.0175638,-18.094984,-0.1637654,0.66954565
MOB364,-27.962149,-5.696604,-1.5845101,-5.00002,-1.7466509
MOB365,-25.796783,-7.337066,-1.2148169,-3.368544,-6.4766507
MOB366,-21.514019,-7.688246,-1.7656373,-2.1321633,-10.799562
MOB367,6.1016035,-4.464283,-12.440982,-5.977178,0.25060353
MOB368,-5.552182,-9.151726,-6.151114,15.9520235,-2.8164515
MOB369,-10.155202,-11.022885,-3.15073,5.9723377,-8.837865
MOB370,-7.0675125,-11.427601,-3.1767373,12.401867,-5.402495
MOB371,9.833368,-13.213121,-9.8046465,10.425424,2.9573681
MOB372,6.6512647,-10.186387,-9.484128,13.234566,4.486878
MOB373,12.634947,-17.38382,-9.21496,-0.7509506,4.8225055
MOB374,10.508947,-15.68002,-8.559852,7.785959,5.704152
MOB375,-29.419353,-5.6387925,-0.5499524,-5.0661845,1.9821556
MOB376,-29.809864,-3.8456872,-1.2776942,-5.0594993,6.357992
MOB377,-16.055124,5.9005237,-10.983022,-1.9851999,16.161882
MOB378,-27.746614,-4.009087,-1.2015857,-3.9532995,4.007566
MOB379,-17.287914,-6.818242,-3.2691865,-8.675448,17.514696
MOB380,-25.722013,-6.312737,-0.98240095,-3.531542,-5.4086924
MOB381,-25.851225,-7.2131395,-2.47318,-2.8839905,-5.4052615
MOB382,-29.941738,-3.9751136,-1.3215891,-4.6586666,6.427104
MOB383,3.5734522,8.814937,-21.103262,4.798395,-2.5964615
MOB384,4.0589113,12.476924,-23.29688,1.5855241,-1.3941485
MOB385,1.9690176,9.254534,-20.93445,5.939478,-2.4641862
MOB386,3.6463978,12.0957575,-24.079227,0.22483757,-3.1622272
MOB387,6.6473126,-5.3884544,-13.370134,-3.0402625,-0.2210561
MOB388,1.0463165,-15.330169,-5.6555357,-12.775587,-5.53015
MOB389,8.250132,-15.347913,-5.7332544,4.7510185,6.1306343
MOB390,-24.027948,-7.94725,-1.3597432,-3.572206,-10.559221
MOB391,7.6590357,-8.427843,-9.662226,-7.113475,-2.8859546
MOB392,2.1559484,0.42062744,-12.835985,11.813568,1.868712
MOB393,-8.34343,-2.0856125,-10.721569,0.30928153,-11.533461
MOB394,-8.610601,-2.3499703,-10.874695,1.3804582,-12.096223
MOB395,7.996732,-3.0185697,-17.863785,-7.3489876,1.3646067
MOB396,-11.152898,3.6609135,-11.243648,-3.7246542,6.086468
MOB397,-18.429794,0.59531903,-4.8459754,-2.5315704,8.301705
MOB398,8.795376,-11.961946,-11.386048,3.6323965,3.0221794
MOB399,10.234426,-16.782997,-5.4531717,0.90444034,3.2974384
MOB400,-15.73029,4.507028,-10.776697,-0.9765799,11.879633
MOB401,-16.28676,2.188159,-8.357114,-4.0682697,6.99551
MOB402,-1.9323766,-15.638347,-3.018568,-9.126155,-6.6488004
MOB403,-6.735859,-13.352744,-2.5274289,-7.7413073,-10.055475
MOB404,-21.460114,3.3380852,-7.8697577,-2.390468,15.454263
MOB405,-12.022913,7.2416253,-16.254333,2.8207803,7.646109
MOB406,-18.14044,5.8438816,-11.386723,-0.006694796,14.185298
MOB407,-10.343665,-7.579462,-3.5676265,11.572235,13.175507
MOB408,-19.49431,-3.1819608,-5.409057,5.0242014,14.489223
MOB409,-12.914925,-1.8130449,-7.214469,9.626609,17.329
MOB410,-16.631645,-5.161793,-2.2986836,8.276618,17.35727
MOB411,-11.863442,-1.9869233,-10.244578,10.35806,15.110268
MOB412,-20.429346,-2.74935,-4.280044,1.0644313,18.026192
MOB413,-30.668335,-6.502396,-0.37439877,-4.8902855,-0.6568077
MOB414,-9.955786,-11.561659,-3.5302923,-11.396352,9.962001
MOB415,-10.339651,-11.486848,-3.8819125,-11.795167,7.95511
MOB416,7.690599,-6.559874,-12.035175,-3.7676363,-2.7292118
MOB417,4.272113,4.058871,-17.9045,8.710253,-1.1572134
MOB418,-10.4408655,-12.091155,-2.850769,-5.636139,-12.393927
MOB419,-22.615726,-8.051355,-0.9492496,-2.2961307,-15.192572
MOB420,-24.975391,-8.174264,-0.72158515,-3.4523811,-14.447948
MOB421,-25.205938,-7.773014,-0.37384838,-3.9615204,-13.619087
MOB422,-3.0292776,-1.5046494,-6.897687,11.331292,-8.953144
MOB423,-2.635256,1.2274966,-9.599416,11.378584,-6.9240365
MOB424,-3.467464,-0.6687848,-5.9705443,8.94889,-7.0133986
MOB425,-2.6237793,0.47147232,-9.248932,11.878613,-6.9073524
MOB426,-2.6782641,0.3240282,-9.094997,12.042017,-7.3773065
MOB427,-15.3328085,-7.494586,-2.0447376,1.8648034,-17.683935
MOB428,-17.712591,-8.607618,-2.2335846,0.16353789,-17.564985
MOB429,-3.2604368,-4.419061,-2.8196044,10.937875,-9.002046
MOB430,-2.5294795,-4.2444515,-3.8149204,12.330121,-7.792931
MOB431,-2.9513638,-4.299026,-2.99826,12.301692,-8.719853
MOB432,-21.673023,-7.380817,-0.27243114,-1.2611457,-16.117214
MOB433,-20.721916,-7.432105,-0.9797448,-1.0116333,-14.440093
MOB434,-3.433852,-6.621912,-1.2578502,13.6507435,-9.931286
MOB435,-5.327996,-4.7595835,-2.4617875,11.042803,-9.678935
MOB436,-3.820557,-2.436268,-0.3278976,3.1784594,-5.6896014
MOB437,-20.491287,-7.165766,-0.90282893,-0.57020885,-16.105902
MOB438,-14.950065,-5.777381,0.24254777,-0.3235394,-12.208519
MOB439,-18.271502,-6.553945,-0.098568894,-0.654798,-14.625858
MOB440,-21.103785,-7.711831,-0.42978525,-0.5988931,-18.929272
MOB441,-19.162334,-6.6554465,-0.00820911,-0.9231437,-18.022896
MOB442,-20.994436,-7.661632,-0.49851814,-1.2054358,-15.727233
MOB443,-22.809372,-7.701777,-0.50763595,-1.8512293,-17.820124
MOB444,-21.045952,-7.0535645,-0.06960255,-2.1851096,-14.872251
MOB445,-20.751587,-7.4288464,0.60893244,-0.36198747,-16.921888
MOB446,-19.227158,-7.3408313,-1.3795639,0.6562181,-17.197813
MOB447,-18.686144,-7.921636,0.2669607,0.4871939,-20.692526
MOB448,-22.977713,-8.111052,-0.66499406,-1.2089196,-17.720846
MOB449,-20.27175,-7.5801687,-0.702955,-0.47267845,-17.14115
MOB450,-17.20428,-7.428727,0.5449642,0.11416543,-17.27077
MOB451,-18.706522,-8.422263,-0.17146033,0.96672165,-21.06629
MOB453,-23.931402,-8.20965,-1.1281779,-2.7602854,-13.685125
MOB454,-23.204176,-7.791874,-1.0635276,-2.3759935,-13.604489
MOB455,-23.018122,-6.604078,0.4904147,-2.646807,-15.143035
MOB456,-10.215007,-5.725109,-5.46808,7.0867505,-5.318774
MOB457,-24.266462,-7.667519,-0.36687237,-3.1393945,-14.146973
MOB458,-22.67989,-7.6073275,-0.20230354,-3.0253806,-15.609259
MOB459,-4.5159717,-6.0542254,-0.97790515,12.163944,-10.806696
MOB460,-4.3283706,-6.840655,-1.53047,13.547477,-10.426425
MOB461,-4.442995,-6.816795,-1.9291642,13.161503,-10.931505
MOB462,-3.8764014,-6.647874,-0.9664794,13.609515,-10.353098
MOB463,-3.864558,-6.4346585,-0.7621162,12.628456,-11.651677
MOB464,-4.1803756,-6.7599807,-1.2576817,13.18083,-11.648738
MOB465,-4.114503,-6.637299,-1.9821366,13.241819,-10.094943
MOB466,-5.0714183,-3.80433,-1.7509476,10.047175,-10.433796
MOB467,-2.7973616,-1.2021905,-8.519762,11.585605,-8.505546
MOB468,-3.5897582,-1.2058899,-6.055705,10.24114,-8.254208
MOB469,-2.5222495,1.0802692,-10.332168,12.992678,-6.4223404
MOB470,-4.8113847,-2.4014242,-7.59286,9.113804,-8.754664
MOB471,-9.063605,1.3488587,2.7074792,-0.99397236,1.9286641
MOB472,-15.26121,-3.108247,-6.280471,-1.4743229,7.914018
MOB473,-3.9651728,14.256833,6.2026863,1.5278677,4.374177
MOB474,-5.9513016,13.791356,3.9358242,-2.4526236,5.4504685
MOB475,-4.3626437,0.7336744,2.697728,1.6181223,-1.6131663
MOB476,-11.116351,2.0941865,10.021977,-4.1342163,-1.44529
MOB477,-8.239865,-1.5434887,3.2692916,-4.7118893,-4.733138
MOB478,-6.9421372,7.370616,13.250755,1.723145,-10.174739
MOB479,-8.394997,0.2869166,10.0982275,-3.5747325,-11.955491
MOB480,-5.187793,12.052252,16.967924,-4.124786,-4.0902624
MOB481,-6.5760922,6.626532,12.909732,0.32675898,-10.329626
MOB482,-14.55826,-7.5778084,0.7490741,-1.0622048,-12.409249
MOB483,-4.31481,12.59787,16.808073,-2.34043,-4.3109784
MOB484,-11.971673,-3.437838,7.5413985,-0.5943473,-16.728363
MOB485,-3.3828852,12.917777,16.003426,-3.1139817,-3.0890605
MOB486,-9.621006,-3.039661,7.249679,-1.3129874,-14.630712
MOB487,-2.0809357,12.999971,18.138613,-0.86258847,-5.0618
MOB488,-18.060036,-0.06906973,9.38219,-1.0366031,-14.650941
MOB489,-4.99872,8.257872,15.058521,0.1984016,-8.763451
MOB490,-8.48571,4.790089,11.007134,-1.9196084,-11.174763
MOB491,-13.701583,3.8406289,11.108736,-2.2804964,-9.800939
MOB492,1.5934377,7.725093,3.7168531,6.288016,-3.2385693
MOB493,1.7958001,13.403987,12.064316,1.7353398,-4.1266947
MOB494,-4.973789,6.008391,6.8524213,1.1432585,-0.883332
MOB495,6.9453144,5.663086,3.523206,11.582537,-0.2796171
MOB496,5.665792,1.8265691,3.436785,12.473303,-0.85885
MOB497,4.110413,8.135607,2.6155272,5.5735145,1.4368998
MOB498,-2.8120813,-1.496051,-1.4216267,5.0733294,0.9972132
MOB499,-13.25231,-0.57417697,-4.570729,-0.90882164,-0.39880848
MOB500,7.8674965,9.919485,6.5970306,3.830702,0.195695
MOB501,3.7837837,-1.9065219,2.30354,-5.9184785,-6.3344545
MOB502,3.3768234,10.392153,5.269717,7.2993603,-2.5463653
MOB503,5.924012,10.106815,0.9738392,5.636159,-0.2809689
MOB504,4.4123383,-2.0688305,5.269197,8.266486,-3.4818342
MOB505,4.425064,1.4455005,7.054642,8.057716,-2.2391348
MOB506,1.6938736,9.537565,6.771844,7.4034557,-2.7003238
MOB507,5.7068524,8.700066,8.061572,6.5004363,0.23561859
MOB508,3.275261,7.8131185,-0.9230353,6.8642435,-0.29846627
MOB509,5.5601153,4.5778813,1.6270131,11.880616,2.0203958
MOB510,3.3499925,6.5271344,3.707771,7.5253572,-2.16885
MOB511,3.6265166,9.027499,-0.4089986,7.290325,0.789214
MOB512,2.1367402,6.990837,3.1454415,-1.0550677,-3.515354
MOB513,3.5029795,4.147255,-3.5430448,4.813125,2.758863
MOB514,3.275081,0.20941354,2.1540103,8.329337,1.8892101
MOB515,5.5104074,10.105254,9.057711,8.182468,0.51080644
MOB516,0.4138016,3.4315338,1.4657055,5.7968416,-1.8270742
MOB517,2.3317957,4.5351496,0.15819374,7.575994,0.72508425
MOB518,3.051061,2.302707,5.347392,7.7667274,-4.45139
MOB519,3.0318465,3.0261817,3.008186,8.186463,-4.1174083
MOB520,-1.5029206,4.341606,3.7497594,1.208386,0.093223214
MOB521,1.9554411,4.4294004,2.4621692,3.3319182,-1.3056872
MOB522,4.487809,3.7222853,0.7120727,8.779295,0.5836437
MOB523,5.8477817,8.350193,0.16835341,4.1040506,0.5227776
MOB524,2.4006314,0.01195136,6.473173,7.047755,-5.442769
MOB525,1.6687645,-0.07313548,-3.4952877,8.027411,-3.6942022
MOB526,-0.5132697,1.9296244,-0.07322198,4.540212,-1.939259
MOB527,7.2802196,14.402039,-8.54062,-1.8207793,-2.534698
MOB528,2.2326214,0.8989881,-4.797521,-2.2728848,-5.5742497
MOB529,2.698135,0.6793978,9.324921,-3.2082763,-6.820401
MOB530,-9.146422,1.870159,8.827387,-3.7819407,-4.260936
MOB531,2.7595503,2.695405,8.289759,-5.2499514,-7.6683884
MOB532,-7.0690975,-0.9053358,0.43142682,-5.1873956,0.49216586
MOB533,1.8641737,0.7384961,7.650636,0.055268202,-6.1577144
MOB534,2.2222579,-4.9313803,3.6249788,-0.56206495,0.34020117
MOB535,7.4334383,-14.18638,0.82823414,0.6162511,0.7433175
MOB536,7.868006,-1.2631291,8.431946,1.0268208,2.7751129
MOB537,6.4907846,7.947265,14.976451,-3.574107,0.49473304
MOB538,0.55885327,9.347412,13.341747,4.7977533,-6.2298155
MOB539,-4.174825,-1.1513742,1.5656487,1.0263846,-4.2839165
MOB540,-0.23007512,9.018334,13.345942,4.136218,-7.6674128
MOB541,-4.6106095,0.07647198,-0.495051,-0.28135443,-2.880131
MOB542,-5.440063,10.02416,2.3316414,-1.8708972,5.372903
MOB543,-7.6568165,7.17884,13.704314,0.6322757,-10.023551
MOB544,-0.68951106,2.3961515,10.3045845,-2.1653254,-8.665838
MOB545,-8.999923,1.5929054,6.899625,-1.842792,-9.651518
MOB546,-17.07611,4.343889,3.9361238,-2.9315832,2.1346774
MOB547,-8.648657,4.6440725,7.168357,-0.79986787,-0.15940475
MOB548,-22.58938,0.75477755,2.305884,-6.189431,12.764068
MOB549,-8.632498,-1.9471238,8.06524,0.05405363,-15.8506155
MOB550,-11.744301,1.0985732,9.609265,-5.7132564,-1.6568027
MOB551,5.0854883,4.925506,1.7641488,5.091278,-2.053679
MOB552,-6.1651793,0.6236792,-1.9541423,5.4199324,4.3492765
MOB553,-15.516931,-1.9497881,0.70265156,-0.11108095,-1.1148691
MOB554,-2.99908,2.1566002,-0.7044774,2.4414072,-0.023128754
MOB555,3.1433892,-0.9035542,2.9315853,6.700155,-4.8114986
MOB556,3.229332,-0.80706894,3.6666067,-3.1258295,-8.048453
MOB557,-18.74126,-2.1752672,1.7576538,-5.195895,1.9189663
MOB558,8.982833,-11.056228,3.4252772,1.9996603,-0.13848889
MOB559,2.2592685,-4.6884627,-1.0120301,-4.823958,1.0049446
MOB560,5.7466435,3.4111693,5.7538195,12.888322,0.9404054
MOB561,0.4311627,-0.16712134,-5.29991,8.417134,-2.8663795
MOB562,-4.4041386,-2.7881026,-5.008679,9.27822,4.9001274
MOB563,4.2303257,5.7909856,6.494447,11.420564,-0.74850386
MOB564,7.446519,0.45559943,3.533478,10.174354,0.19486107
MOB567,-10.759792,2.93324,4.3709865,1.3898717,-4.5865173
MOB568,-1.2109736,-0.26671866,-2.2749636,3.4182568,-1.6872736
MOB569,-10.43147,-0.59645694,1.5611836,0.32793432,-1.4015261
MOB570,-0.92261153,-1.1832048,-4.1384015,3.7897196,0.012799038
MOB571,0.920995,3.0358317,0.21601039,8.519315,-6.1976323
MOB572,-4.755811,-1.5644448,1.3335093,0.5400737,0.34916717
MOB573,0.2024368,4.8683586,2.5253015,9.688612,-2.2123046
MOB574,-0.17071536,-0.2151725,-0.17007388,10.656268,3.5763683
MOB575,-3.5289352,-3.994723,-3.5928974,0.7571945,3.2370107
MOB576,2.8505168,2.3804634,-5.0318627,-3.135052,-3.2862754
MOB577,-5.889728,-1.3272941,-3.044693,-3.331758,0.21592848
MOB578,-2.5884666,1.5660697,6.2545104,6.5947504,-9.299346
MOB579,-1.0690155,-1.0136684,-1.6708574,3.8857727,-4.0385227
MOB580,-13.83155,3.779072,2.9776742,-3.6461942,0.91962713
MOB582,-3.867994,14.563997,8.438096,-0.9602977,3.3410745
MOB583,-11.448542,-2.7019005,0.60113966,-4.1473203,-1.5369896
MOB584,1.2261109,3.4997644,0.6178392,3.89994,0.8939227
MOB585,-3.0527613,-3.6172137,-1.7003968,6.1924853,1.1680709
MOB586,3.6169574,5.411308,-1.6834683,13.124677,0.7437569
MOB587,5.846366,5.0302563,0.9065517,11.251836,1.888328
MOB588,-0.23901172,-3.1596806,1.3589079,3.0288098,-0.13038403
MOB589,-2.676523,-3.8959463,-0.7457451,0.5103232,-0.7382446
MOB590,4.6141286,-6.899263,-2.4932766,12.082893,-2.1477125
MOB591,-5.081451,14.640614,9.104691,-0.13290957,3.689728
MOB592,0.70706683,4.6172523,1.2877373,8.716821,7.343413
MOB593,-5.5418034,13.056329,3.170513,1.7442942,5.2539167
MOB594,-1.3237529,15.889294,10.298905,0.9066298,2.2725322
MOB595,-0.6483323,16.727896,7.919542,1.5231471,2.048776
MOB596,-2.269335,12.516552,16.329266,-1.3495101,1.4620568
MOB599,-8.31756,10.903523,12.555435,0.5048604,4.9798565
MOB600,-6.103588,3.9825246,1.8519545,1.0552548,1.3152555
MOB601,-21.840712,1.8285446,6.750395,-4.5086074,3.3147092
MOB602,-15.969471,0.99597114,1.8286735,-0.4297189,7.817173
MOB603,-24.496195,0.6344436,1.6829319,-3.3916123,9.905977
MOB604,-18.597317,2.213194,7.92399,-3.5484965,3.1357234
MOB605,-17.600338,4.434069,10.279324,-2.5562398,-1.3245848
MOB606,-20.429226,6.368911,9.119765,-2.142903,11.999152
MOB607,-16.52879,4.4182787,8.01786,-4.191826,0.4548528
MOB608,-4.4679694,-7.6114244,7.3787885,2.7038686,7.063291
MOB609,-18.439945,-1.0332313,4.9122596,-1.546102,16.702816
MOB610,-4.441283,-2.1015093,6.1209683,-2.5059993,-4.1617866
MOB611,0.11853846,0.6810625,3.0591323,4.145324,-5.5329924
MOB612,-9.406453,10.92597,14.051351,-3.3462641,1.5079217
MOB613,-10.642891,7.3027234,11.375493,-3.8129208,2.0878813
MOB614,-11.470104,10.506917,14.000441,-5.1161184,9.933236
MOB615,-8.743744,12.574021,13.870496,-4.7793007,7.398511
MOB616,-6.092589,13.346953,16.433924,-3.4904504,5.7324047
MOB617,-18.834505,5.964213,7.072046,-3.8726404,14.180762
MOB618,-17.986086,6.3535066,8.244677,-3.134895,13.160219
MOB619,-6.37405,14.390253,16.430683,-0.87173146,9.034016
MOB620,3.0928574,15.9692,7.0111847,-1.2196939,2.9795697
MOB621,2.3521688,17.533474,9.818276,-1.1886755,2.506127
MOB622,-0.31767598,15.074293,3.0735433,2.1727128,5.4755225
MOB623,3.5811565,15.755055,7.323358,3.119768,3.2456472
MOB624,-0.5092538,13.40549,2.5262375,2.1783023,5.9785233
MOB625,1.8458567,14.499014,5.546104,2.9742262,4.3715653
MOB626,-6.0430803,4.5383105,-0.8273529,-0.6571691,6.182289
MOB627,2.2167072,15.018436,5.6889553,-0.78308547,3.8038857
MOB629,1.4498485,6.317271,2.8695476,-2.9843297,7.239855
MOB630,3.2090347,4.105652,3.1886973,-5.0141263,8.228389
MOB631,1.7884822,15.588919,7.633475,2.2726927,4.3941784
MOB632,2.1154084,9.7466955,4.6556487,-1.6532798,6.45641
MOB633,0.20255885,6.43977,2.8412101,10.065464,6.4548216
MOB634,0.3359615,4.2938375,2.6832316,11.041052,7.9606714
MOB635,0.5094327,5.3185806,0.6673544,11.9531555,4.086822
MOB636,0.7794661,6.8318634,3.1211622,11.187026,2.5535252
MOB637,-1.164472,9.0109625,4.9999137,3.3271604,3.85176
MOB638,-2.729786,7.7281303,-2.942121,5.707135,6.977912
MOB639,-22.073187,0.18984838,4.739028,-1.2104925,5.3986106
MOB640,-21.59494,2.0168436,6.9708447,-1.8514084,6.631285
MOB641,-20.85329,3.264613,4.766113,-3.118028,10.670446
MOB642,-18.22075,0.57455224,5.6784406,-0.04409587,0.4664132
MOB643,-21.691128,0.2705074,6.1955404,-1.362415,5.6926584
MOB644,-20.450533,-1.0926701,6.6798353,-1.769134,0.43324092
MOB645,-11.231575,-5.4260807,0.45434958,0.36302876,6.1832514
MOB646,-9.825189,-2.7941117,6.4748077,2.6266503,10.946483
MOB647,2.150196,11.13076,10.767422,3.0684326,-5.346014
MOB648,-12.117664,8.878329,5.952609,-3.7317228,5.4127016
MOB649,3.3970485,10.030777,10.80647,5.0722713,-3.974761
MOB650,3.8745258,9.553788,12.702587,5.803559,-1.6946254
MOB651,4.446164,7.3611917,9.441555,8.047424,-3.9978712
MOB652,3.911939,10.679058,11.298575,4.6370535,-3.0248053
MOB653,4.7428303,13.421407,-6.6591945,9.086486,-1.9641237
MOB654,-1.532684,3.8890076,-5.070403,3.443307,-2.8278418
MOB655,3.1637945,10.804756,-5.6184783,6.611761,-3.3362863
MOB656,9.865885,-10.253818,3.060121,-7.787618,-1.900294
MOB657,7.6020617,-3.4825864,7.3605766,-7.0024934,-0.9424502
MOB658,-0.75592494,7.1494255,8.319708,8.339994,-7.985912
MOB659,-0.29611748,-0.033854928,4.4139824,13.691088,-8.076169
MOB660,-0.86736244,4.352378,5.7019486,10.295801,-7.2449336
MOB661,-0.11710896,2.0371153,5.4544253,13.622342,-7.09662
MOB662,-4.0764794,-1.5665219,-0.47926763,7.324933,-2.7047746
MOB663,3.7947416,13.672747,-13.48113,0.9743449,-0.42307463
MOB664,5.7259936,10.853354,-8.974418,7.371034,-0.038628884
MOB665,5.9391074,10.8506155,3.1483078,5.380904,-0.6910499
MOB666,-18.976974,8.022185,1.7938242,-0.9037552,15.545928
MOB668,-12.951929,11.626071,5.7048697,-4.446738,11.1107855
MOB669,-16.00121,10.757373,2.3596873,-2.5145571,14.007556
MOB670,-2.1024876,-5.3561244,-3.4206114,3.3509672,-4.421968
MOB671,-0.36336336,14.230475,11.08313,1.2615074,2.778006
MOB672,2.6686478,14.259093,4.017985,1.2112772,3.2691083
MOB673,-0.69404453,14.409467,12.4776,-0.13831078,3.2670572
MOB674,-0.819266,12.831606,2.3657687,2.6955469,6.3200784
MOB675,0.34303614,14.108159,4.550215,-0.58535904,5.0863633
MOB676,1.90039,15.967223,10.502341,0.6253824,2.081195
MOB677,2.6857798,16.61487,8.254821,-1.1511954,2.222371
MOB678,0.53821063,15.483531,8.344602,-2.269432,2.9269757
MOB679,1.5676688,14.483045,5.8726773,-0.35954565,3.7726693
MOB680,1.2163205,16.119442,8.270661,-1.3819332,3.013997
MOB681,1.8617344,13.208459,3.5495818,1.9139212,6.0798774
MOB682,3.2350721,15.163913,6.4551306,1.6132965,5.4185023
MOB683,2.3448162,16.885622,12.608742,2.2457664,5.0153766
MOB684,7.448689,2.3654072,8.410091,-4.7550354,3.0326734
MOB685,0.17333768,12.895117,2.133813,1.7228478,8.057603
MOB686,6.945371,3.786782,7.0133166,-2.4354515,2.158485
MOB687,-9.929415,2.7199664,-3.5820374,2.062683,7.6443973
MOB688,1.055147,6.5052595,5.194834,-0.80088234,5.297962
MOB689,-1.756886,12.853534,7.803137,1.2393695,5.3906875
MOB690,0.03349457,13.478302,5.2482724,3.2296193,6.000509
MOB691,1.7209994,14.63818,4.606122,-0.13101937,4.561205
MOB692,3.2623596,14.191889,9.929364,1.994675,2.7480197
MOB693,2.7167675,16.3891,7.492911,-0.87341565,3.5935426
MOB694,5.553708,-0.52034706,4.3926616,-2.2944698,7.3554564
MOB695,5.227266,0.6241589,1.6534909,-5.1256547,7.5279217
MOB696,2.8051121,13.0251465,2.73355,3.243693,4.089549
MOB697,1.7126815,0.7392445,-6.631199,14.744802,4.86994
MOB698,-2.2505877,7.249412,1.5443362,7.594671,5.59021
MOB699,-0.26244038,4.9449635,2.2911906,10.508674,8.629807
MOB700,0.90542394,5.563659,-1.4978281,9.543965,8.651337
MOB701,0.2760321,2.6236308,0.91188914,10.037362,5.870304
MOB702,-0.057644315,2.573475,0.6639949,14.02531,6.5153103
MOB703,1.6883497,0.84160125,-1.0785391,14.295814,6.6759195
MOB704,1.3637196,0.5189688,-0.43673807,10.714656,7.216287
MOB705,2.1613886,1.7816033,-2.2279303,13.272984,5.5866036
MOB706,0.38101846,0.111958414,0.8476378,10.557969,7.3074446
MOB707,1.5323939,6.4801598,0.35961035,9.705194,3.7052262
MOB708,2.1251576,-0.116032265,-4.4969153,15.366682,4.386342
MOB709,5.543409,-4.5592656,-12.251863,19.139463,5.0914927
MOB710,-12.651757,9.238636,-13.874872,0.15154947,12.928077
MOB711,-16.992731,7.4768276,-13.279767,-1.1530432,12.301297
MOB712,-29.905577,-3.3996296,-0.29607987,-4.696289,7.6560316
MOB713,-27.174421,-3.5621457,-0.4563187,-5.3966103,6.3711057
MOB714,6.577226,-2.5065587,-12.271808,18.958761,2.9785895
MOB715,5.210619,-4.0867414,-12.558885,19.776646,4.3803277
MOB716,3.9038084,0.4049368,-12.018679,18.594208,2.855275
MOB717,5.6630626,-4.2632685,-11.345735,19.481388,4.9137573
MOB718,3.8012328,-0.115018554,-12.495209,-4.683015,-0.046996567
MOB719,6.738645,-1.5324911,-14.583479,-3.1028063,-2.2885716
MOB720,9.658127,-6.164645,-15.440502,-10.162199,-1.4328828
MOB721,8.398956,-5.8201394,-10.63867,-12.7953205,-4.6412144
MOB722,7.8729963,-2.4473908,-14.487705,-2.427977,-2.8314655
MOB723,9.456694,10.594867,-27.703888,-8.452342,-1.1424304
MOB724,4.7068973,1.8478534,-16.24942,9.341021,-0.98739535
MOB725,15.505937,-25.852713,-4.2453833,-5.0747733,8.692969
MOB726,10.019787,-16.201101,-5.692512,9.4738,5.464536
MOB727,8.802534,-11.744563,-8.249428,16.071114,3.2478912
MOB728,-15.527101,2.1599717,-10.107607,-2.2961533,8.411011
MOB729,-20.683996,4.0056987,-9.43839,-3.6564589,13.66165
MOB730,-23.15586,-3.084077,-3.582808,-0.80005354,17.379095
MOB731,-12.953213,-1.8009169,-7.1910663,9.539569,17.230013
MOB732,-15.455235,-3.6628003,-5.5428786,6.1997337,15.053282
MOB733,-18.625237,-6.249719,-3.7263207,5.5213523,14.93626
MOB734,-15.40483,-7.130755,-1.4833405,7.85856,17.461235
MOB735,-20.752697,-2.6026714,-4.309631,0.90913266,18.268147
MOB736,-30.620275,-6.408552,-0.44769025,-4.980823,-0.013079856
MOB737,-29.921898,-4.002693,-1.3108152,-4.685892,6.3775215
MOB738,-30.01942,-3.6429539,-0.2786973,-4.8363914,7.7322907
MOB739,11.666103,-18.669472,-6.7729945,4.3722305,7.040359
MOB740,-26.55794,-5.7144446,-0.76855546,-5.4006114,-1.7983077
MOB741,-14.0028,-6.6168184,-1.886881,2.1307673,-17.40221
MOB742,-14.26378,-6.9257283,-1.9095587,1.9531265,-16.951086
MOB743,-20.93319,-6.455684,-0.7859212,-0.44794878,-12.975751
MOB744,-30.492098,-0.7780518,-1.4750968,-4.8239236,21.255335
MOB745,-31.623936,-0.27873862,-0.98736167,-5.792072,21.54059
MOB746,-31.412476,-0.37612268,-1.4693757,-5.2908144,21.43709
MOB747,-29.173853,0.3980931,-0.40507215,-5.0498233,20.92227
MOB748,-30.488445,-0.5428212,-1.7662101,-5.9340005,20.441782
MOB749,1.2342249,2.306465,11.159694,-3.2771854,-7.0867476
MOB750,4.2018676,18.2595,21.277308,-1.5626748,-1.1697183
MOB751,-1.1207383,-5.6952267,-3.701805,14.485948,-3.4164479
MOB752,6.2397647,-9.628286,-9.864859,23.87512,7.3360844
