Taxa,PC1,PC2,PC3,PC4,PC5
MOB001,1.4713459,-8.731185,15.716666,0.9940873,-1.8799472
MOB002,5.6132135,-11.371994,8.071166,-2.7466872,2.2873566
MOB003,4.3324504,-11.400276,12.868665,-0.25552273,-2.9641871
MOB004,6.88134,-11.49065,13.658308,5.304745,-4.776774
MOB005,4.952283,-10.94276,12.681281,-0.5217168,-4.023122
MOB006,5.6867194,-10.156598,12.50847,5.2669673,-5.040799
MOB007,8.239852,-11.368845,13.460309,4.061414,-3.713077
MOB008,5.55158,-10.720576,14.046924,-0.065399565,-4.0641026
MOB009,8.503763,-11.403378,14.828296,3.7479234,-5.3807344
MOB010,8.042976,-12.03691,12.675558,4.4466605,-5.4415946
MOB011,1.924117,-10.3401785,14.737216,-0.93708646,-2.4524393
MOB012,4.5308995,-10.844458,15.614447,4.4111896,-4.882126
MOB013,0.32794505,-9.498448,15.6567955,-1.2348722,-1.5680314
MOB014,2.0579746,-10.660638,15.796518,1.4792964,-3.0588522
MOB015,11.021678,-13.125843,10.6369,8.16122,-6.468627
MOB016,11.985008,-13.057045,12.191033,11.63805,-8.039446
MOB017,3.296153,-11.366017,14.074781,4.30205,-5.0967774
MOB018,4.8022385,-12.025589,13.369042,4.3575387,-6.034172
MOB019,5.632056,-11.0699215,13.274899,-1.2425117,-2.7775788
MOB020,5.9640856,-11.690343,12.128728,1.0060142,-3.4589725
MOB021,5.9380865,-10.599752,13.307597,-0.76510745,-1.8210651
MOB022,1.1800541,-9.227523,15.038654,1.0554906,0.63104534
MOB023,2.0397296,-10.474328,13.7644,5.7002745,-6.2098327
MOB024,8.576826,-12.198779,12.527226,4.5847187,-5.672921
MOB025,-0.1442197,-7.914153,13.0947485,1.9231831,-6.150557
MOB026,1.6675994,-8.2060795,11.21024,1.6407284,-9.77742
MOB027,0.83551675,-7.788125,12.8526945,2.6717508,-9.114794
MOB028,3.7126544,-9.827732,13.142458,3.4446733,-8.450799
MOB029,-0.43014517,-8.134514,14.392857,2.2290232,-6.2011466
MOB030,4.9219503,-9.336222,8.58017,0.1408713,-10.72083
MOB031,4.8887367,-13.824529,-2.667883,-11.795037,2.088048
MOB032,3.1231625,-7.5821652,10.278325,0.46725136,-9.472551
MOB033,6.526808,-11.385864,13.447948,9.087862,-8.130904
MOB034,0.8840501,-8.713456,16.33877,6.513161,-7.3792806
MOB035,6.0654016,-11.968802,9.363478,3.8246574,-10.776406
MOB036,1.1727494,-9.125118,12.826,0.28436506,-6.008749
MOB037,3.217046,-7.875216,14.118913,7.4692855,-4.7090673
MOB038,2.7404737,-8.819778,15.62625,6.069955,-4.6264234
MOB039,6.382858,-10.643483,14.918387,10.381985,-5.9738812
MOB040,2.744085,-11.826606,11.252716,-0.3683912,-6.6400375
MOB041,3.0979855,-11.735743,8.886249,3.430742,-9.519278
MOB042,4.2991953,-12.19322,11.105123,1.9649208,-7.332323
MOB043,2.5228252,-11.003169,10.057639,3.5925097,-6.9049807
MOB044,3.2452848,-11.743487,10.8715105,1.513396,-6.84986
MOB045,5.8535676,-10.607443,9.535643,6.2356634,-4.8805118
MOB046,4.155237,-10.858114,12.115117,3.2081213,-0.52884305
MOB047,5.749567,-11.737241,11.466112,4.6993127,-0.04068343
MOB048,6.337025,-11.8596735,11.221662,6.734099,-1.4938891
MOB049,1.4810097,-8.435563,12.663572,5.7757883,1.4969977
MOB050,0.07368972,-9.468777,13.23138,4.105613,-1.0227904
MOB051,6.3975515,-12.786053,11.841416,6.3512096,-4.810289
MOB052,6.28947,-12.465428,10.779147,4.1433454,-5.6348877
MOB053,5.3505087,-12.152472,9.43973,5.9717755,-4.089245
MOB054,2.5170443,-9.411568,12.382881,8.536242,-1.6451937
MOB055,3.0031013,-9.93669,12.791385,4.533065,-6.0698357
MOB056,6.8694363,-11.766769,10.427326,2.8605509,-2.8617623
MOB057,9.593129,-10.818101,9.34847,10.866951,-5.877016
MOB058,9.831259,-10.891987,9.726719,11.328601,-6.2872553
MOB059,7.9058943,-11.579981,9.618535,8.993783,-3.4591577
MOB060,7.269814,-10.1973295,9.364537,8.188437,-2.448028
MOB061,7.8565845,-10.979638,9.574338,9.722979,-3.3425713
MOB062,9.39778,-7.4125247,-4.5950994,-0.67609507,7.164325
MOB063,8.45691,-11.19275,9.333824,7.1834574,-6.9028454
MOB064,9.18776,-11.846432,10.23174,7.1623282,-8.779194
MOB065,8.952407,-11.779337,9.616445,7.934982,-7.573213
MOB066,5.7981076,-9.133052,7.75544,7.658203,-10.008804
MOB067,8.167921,-12.141677,9.331448,5.4667697,-3.9984088
MOB068,7.504088,-9.805222,5.3875237,5.9637203,-8.30634
MOB069,7.6464562,-11.311212,9.444966,5.2989798,-6.96079
MOB070,1.522989,-5.847131,10.643848,1.1787364,0.0058604786
MOB071,8.338341,-7.440062,6.2176127,6.649448,2.7368023
MOB072,-1.2846106,-6.3563495,8.812111,-2.014298,7.189502
MOB073,6.156513,-8.4432745,4.9983974,3.2116613,2.9345515
MOB074,1.9157064,-5.2361255,10.523348,3.011786,2.4626973
MOB075,-0.81321216,-4.6146913,5.7334924,5.6873207,-15.31076
MOB076,3.5775342,-6.062348,3.2720337,3.8279505,-16.868307
MOB077,1.209521,-7.198456,5.535533,6.323932,-15.873736
MOB078,7.271086,-7.917725,5.050909,6.8409586,-17.032642
MOB079,6.511171,-7.728159,3.5649292,7.832075,-14.599552
MOB080,-0.7688244,-7.025392,6.3412957,7.4711404,-14.519156
MOB081,0.8398796,-6.98485,4.423225,7.7531543,-14.173595
MOB082,6.8771696,-9.731855,4.3726025,9.061245,-16.246124
MOB083,-1.6326736,-3.244893,2.7768853,2.9755213,-13.002256
MOB084,-1.8868668,-4.3252974,2.7181787,3.595962,-13.425918
MOB085,5.0057683,-4.0254984,0.5297784,7.6685495,-14.355235
MOB086,4.931854,-10.829745,7.220955,-3.4306946,1.2639667
MOB087,10.005333,-11.899863,5.690191,2.265382,-0.289329
MOB088,7.1886015,-10.22304,3.6612594,1.0343927,-1.6902717
MOB089,4.3264165,-10.467875,5.6314864,-3.6121235,-0.101301715
MOB090,1.545796,-10.09857,5.722723,-0.7834095,1.4941343
MOB091,3.3041472,-10.724773,8.695714,-2.6886032,2.5918093
MOB092,8.709868,-11.442309,4.8677692,0.18725154,-2.4857922
MOB093,4.6200604,-9.920992,5.625553,-1.2624915,-1.7976598
MOB094,4.2677875,-11.733844,6.667896,0.16185167,2.9213758
MOB095,3.2430978,-9.068028,4.290232,-2.9363916,2.1560824
MOB096,10.415365,-10.8454895,2.9824812,0.09815736,-1.066292
MOB097,3.7502313,-8.615323,6.944876,0.6240461,2.5025272
MOB098,6.479727,-11.24115,3.3387012,0.13675949,-0.60927445
MOB099,5.7562537,-9.926167,2.9473264,-1.491375,0.946033
MOB100,2.890815,-10.59874,6.7509103,-3.6843488,3.552936
MOB101,4.3235745,-10.979265,6.444611,-5.938549,-0.95298976
MOB102,5.4083147,-9.926556,3.7383108,-1.4643146,-3.684278
MOB103,-0.6909645,-7.651788,7.5534716,-8.734408,-5.1562843
MOB104,-0.6035265,-7.3974004,7.233057,-7.336647,-3.575136
MOB105,-1.9527472,-6.496795,8.059215,-7.794294,-3.9014413
MOB106,-2.9878109,-7.042719,6.923644,-5.45244,-4.089569
MOB107,2.354811,-9.006159,6.526889,-4.9055257,0.9146595
MOB108,2.8958547,-9.10709,3.2168097,-2.9831283,-3.9681683
MOB109,5.6131845,-9.468304,4.6024375,-5.06606,-4.3327146
MOB110,3.0110404,-10.175775,4.037697,-2.1007848,-6.7930365
MOB111,2.0386164,-8.914776,5.00099,-8.123278,-4.3695626
MOB112,4.1030455,-7.1527367,3.3807087,-4.315727,-3.386956
MOB113,0.88450503,-8.372956,8.604833,-5.3760104,-2.7246828
MOB114,10.536672,-10.240394,-0.6149188,-1.0100938,-4.053286
MOB115,5.9024296,-9.453147,2.9066708,-4.2670083,-5.074198
MOB116,4.180367,-6.938497,5.548933,-6.473766,-5.0621724
MOB117,6.79099,-8.406519,1.784,-3.5778716,-5.157261
MOB118,2.9539618,-8.526509,5.985814,-4.5879455,-6.044885
MOB119,3.7291458,-8.222226,7.4063745,-2.222314,-1.524932
MOB120,9.8616905,-10.01258,0.093945086,-2.7446434,-3.870472
MOB121,3.779881,-9.295365,4.7072663,-6.012667,-2.4650028
MOB122,-1.3501259,-7.3476915,5.635992,-7.0017567,-6.4611235
MOB123,1.2414912,-7.936379,6.2658577,-7.306767,-5.237119
MOB124,-1.2195754,-6.670422,4.954586,-7.342667,-0.49531177
MOB125,3.9492383,-7.940199,-3.392743,1.2616115,-4.143209
MOB126,-3.858561,-7.6129065,-0.8239192,-4.4693303,-4.9926805
MOB127,6.840367,-10.455177,-4.1303773,-1.4550078,-4.243593
MOB128,1.0769291,-8.278769,-2.4880621,-1.5965234,-4.5104837
MOB129,-0.22496787,-8.042265,-2.5895061,0.036719725,-0.8712619
MOB130,-4.7280254,-5.558121,-1.2863194,-3.926236,-3.9508994
MOB131,6.0110855,-8.945414,-2.1561184,0.7902019,-7.1704254
MOB132,0.5434285,-7.0969534,-1.197188,-2.7910423,-7.260395
MOB133,-3.8764544,-5.789035,-1.4542845,-0.021016104,-1.3281585
MOB134,4.655325,-9.415356,0.35853356,-1.8784927,-6.4668283
MOB135,1.462786,-7.947933,-3.3682215,-1.2376834,-2.523216
MOB136,1.174511,-8.706913,-0.37072498,-6.3419404,-2.2301655
MOB137,10.600859,-11.088577,-5.092083,1.5258685,-4.284436
MOB138,0.6035542,-7.5642204,-2.1389475,0.64257956,-1.878709
MOB139,4.1236396,-7.670601,-3.2436068,1.1970153,-4.946299
MOB140,4.008802,-9.243527,-2.210845,-3.094688,-5.549858
MOB141,3.116933,-10.378874,-1.9714254,-10.822535,7.720364
MOB142,-2.103795,-8.121708,3.2956333,-11.886323,3.1029885
MOB143,0.17958277,-9.8107195,0.07812594,-9.900507,4.6675625
MOB144,-1.5004103,-9.410005,1.2854788,-9.35222,0.7758265
MOB145,5.9293494,-12.064978,-3.0920362,-12.300785,4.472602
MOB146,7.8976107,-12.933498,-6.809216,-11.998057,1.0555933
MOB147,0.8526114,-10.86743,1.402975,-14.391301,3.8775153
MOB148,2.6772156,-11.028102,-3.0190585,-10.720921,3.6297219
MOB149,5.276353,-12.4305315,-2.7872953,-13.729611,-1.1511292
MOB150,5.4013677,-12.955123,-1.8910465,-8.643725,7.9240303
MOB151,1.2033873,-10.086277,-0.019155592,-8.527038,3.1699328
MOB152,1.6677245,-8.956508,3.5668056,-9.896667,0.6981018
MOB153,3.4165857,-11.144761,-0.4816369,-8.563334,4.8381195
MOB154,-3.2763371,-7.3947473,7.155679,-11.371976,1.5191705
MOB155,7.263048,-13.109077,-4.614844,-10.785144,5.583141
MOB156,13.698318,-15.937812,-9.751381,-12.050828,3.4134276
MOB157,10.454309,-14.461088,-5.364005,-10.874837,1.1450757
MOB158,6.819489,-12.090431,-3.4404423,-11.774293,7.154954
MOB159,11.618502,-14.55026,-11.136471,-9.27964,7.6168265
MOB160,13.015561,-15.579763,-9.771636,-9.412713,0.64933884
MOB161,6.0593753,-12.43678,-6.686438,-10.3907795,5.0863867
MOB162,10.703769,-15.053842,-7.703134,-10.327751,0.88689697
MOB163,0.014181333,-11.374637,2.6177754,-9.361208,5.2260237
MOB164,2.386543,-13.327213,1.1060781,-9.578031,3.975714
MOB165,6.808418,-14.741247,-2.6256597,-11.766212,10.387921
MOB166,7.79704,-13.67792,1.3592205,-3.9186013,3.4482605
MOB167,2.5454535,-11.167683,1.2430524,-7.006167,9.194726
MOB168,5.259505,-13.081948,-3.0091736,-8.931295,11.582662
MOB169,2.8645005,-12.579696,-0.50441045,-10.287227,12.24799
MOB170,7.8407197,-14.840154,-1.7417517,-7.377372,7.580109
MOB171,14.1373625,-18.034254,-6.978294,-10.621369,7.1774106
MOB172,12.723806,-16.106155,-6.2183695,-8.592338,7.34754
MOB173,6.916563,-13.464111,-3.0655317,-7.4220495,10.652468
MOB174,8.113131,-13.906721,-4.414253,-12.095426,9.423065
MOB175,6.3608828,-13.489202,-6.0548067,-10.062895,6.2695246
MOB176,6.5338993,-11.525603,-9.340847,-8.291955,4.628152
MOB177,5.4040475,-13.978158,-1.5044909,-9.000221,3.2512002
MOB178,8.970927,-12.721665,-5.026979,-8.9352865,-1.1803424
MOB179,11.681762,-9.806124,-13.544597,-4.8424587,-0.6706276
MOB180,15.5337305,-13.643501,-14.016802,-5.556407,3.813248
MOB181,12.288452,-14.511924,-9.745653,-8.35752,7.488246
MOB182,9.528551,-13.245696,-4.556673,-7.7742734,-0.26208
MOB183,9.724412,-13.782023,-8.564707,-8.738649,0.5973058
MOB184,11.692994,-14.0788965,-8.130468,-7.7890387,-0.78077936
MOB185,4.5181713,-11.701889,-1.4469218,-11.429097,3.1400394
MOB186,12.641103,-13.713025,-9.822037,-5.9935637,3.6930985
MOB187,6.5697007,-9.526847,-5.200559,-5.893295,0.81533474
MOB188,11.598556,-13.920894,-8.745836,-9.399238,5.131853
MOB189,11.692039,-17.444145,-8.2952585,-10.958057,6.30899
MOB190,8.337139,-13.861367,-10.913009,-8.83776,0.4793993
MOB191,9.24106,-12.824382,-9.704991,-8.060763,2.2842867
MOB192,6.9124007,-14.779007,-4.7187257,-8.465511,6.6657066
MOB193,8.848262,-14.211648,-5.0269527,-8.4446,6.1424403
MOB194,3.166659,-12.716075,-3.231758,-6.973416,10.441279
MOB195,2.0932932,-12.062383,-1.6321539,-9.158565,7.44164
MOB196,7.4902883,-14.918829,-4.6486845,-8.923849,10.423716
MOB197,8.27553,-15.333952,-7.094517,-9.496948,7.917876
MOB198,7.342601,-15.208713,-4.984093,-7.1187773,9.781878
MOB199,6.2061462,-14.18427,-4.6285276,-6.5098953,11.324854
MOB200,7.0811577,-14.097646,-6.704319,-7.982409,10.034309
MOB201,8.240406,-12.267412,-5.251443,-9.366862,2.8244383
MOB202,6.8793736,-12.565839,-5.7794957,-10.980943,2.5369241
MOB203,11.373779,-15.84007,-7.4497705,-10.384661,0.7756506
MOB204,2.0306818,-11.876601,-1.295349,-10.5220995,2.2809408
MOB205,4.916025,-14.287423,-2.4238486,-10.340525,1.7112018
MOB206,4.787361,-13.14739,-0.3293175,-8.853754,4.0751963
MOB207,7.0448446,-12.114195,-3.6355906,-8.045842,9.486858
MOB208,7.009043,-13.331893,-5.3793545,-8.860068,5.06679
MOB209,7.8539467,-14.699769,-7.597267,-8.892873,7.2632203
MOB210,6.235662,-12.492149,-3.8134654,-9.662988,6.3224125
MOB211,2.8816104,-12.227928,-3.0040457,-11.137684,8.026258
MOB212,6.120288,-12.657445,-2.2343395,-10.327777,7.0311494
MOB213,6.572031,-12.904304,-4.114476,-8.451435,5.1949434
MOB214,3.8866112,-12.88577,-3.646772,-8.48578,7.006622
MOB215,2.9426935,-11.354693,0.6261694,-8.923528,10.150955
MOB216,7.6817765,-14.31325,-3.7081811,-9.898569,3.4233723
MOB217,2.7534149,-12.223091,-0.61405486,-9.642661,7.9196544
MOB218,3.7464867,-12.760845,0.33635804,-9.585176,7.8175683
MOB219,12.640379,-14.770725,-15.955453,-9.136989,3.9954317
MOB220,4.8791046,-11.995851,-13.397775,-7.9299836,3.5415514
MOB221,7.891082,-11.4398155,-13.578401,-6.3943076,-0.43164524
MOB222,7.6267853,-11.272495,-14.529756,-5.985011,1.351581
MOB223,2.994639,-8.757202,-14.189981,-7.658676,0.41176644
MOB224,4.110691,-9.48987,-13.885428,-5.7120123,-3.818346
MOB225,-0.4330826,-7.3796015,-13.957779,-8.365556,0.2651186
MOB226,-1.4107075,-6.7850633,-11.085825,-6.4672837,-1.32684
MOB227,7.7773776,-11.560576,-15.584717,-7.852341,0.108338945
MOB228,-0.5219373,-6.369614,-13.58736,-6.217363,0.0032359485
MOB229,-0.30874258,-7.328055,-13.163145,-6.3903294,-0.012034263
MOB230,-0.34600642,-5.894043,-12.002186,-5.961439,-3.640544
MOB231,7.0143886,-11.276006,-16.336504,-7.5791397,-1.9082003
MOB232,7.0591345,-9.7441635,-13.96646,-4.8646975,-3.4498756
MOB233,3.363462,-9.161918,-12.119581,-6.64237,-1.2656484
MOB234,3.2858071,-12.6172285,11.381779,-0.25855875,-7.140336
MOB235,7.4585147,-14.292991,-16.530468,-8.422221,2.1033013
MOB236,8.975087,-14.02428,-17.855639,-7.7780447,2.467611
MOB237,5.2198997,-12.041313,-13.768556,-7.5666227,4.5006533
MOB239,2.8471794,-6.9150805,-14.5915,-6.088894,-1.7377357
MOB240,11.182301,-0.52446645,-6.3503013,-0.7238662,-2.195418
MOB241,7.658887,-11.453533,-16.199541,-7.37632,0.6422099
MOB242,10.37137,-14.127915,-15.590377,-7.5751886,1.7349142
MOB243,11.558879,-14.842482,-15.977286,-7.1864533,1.3047607
MOB244,4.6472535,-10.615089,-13.398061,-8.877536,-3.9868455
MOB245,6.2192025,-12.316615,-14.024606,-10.095032,-5.805748
MOB246,4.942358,-10.053523,-14.964225,-8.59767,-4.743
MOB247,10.070054,-10.651642,-14.41309,-7.1268997,-2.2370672
MOB248,8.59198,-10.362501,-14.984892,-6.481516,-2.509817
MOB249,10.501509,-13.017251,-14.858633,-5.9862294,-1.9547504
MOB250,7.6773825,-10.739569,-15.242341,-4.7356706,-0.6796917
MOB251,7.189168,-7.8830934,-13.358349,-7.614095,-7.3736544
MOB252,3.6086426,-5.853545,-11.971935,-6.5304837,-7.658288
MOB253,4.4604664,-7.976266,-12.649254,-8.78759,-7.6600146
MOB254,9.2874155,-10.667057,-13.196256,-8.769547,-7.323719
MOB255,8.016474,-9.628181,-12.345026,-9.769048,-6.1367946
MOB256,10.596184,-12.00074,-15.20037,-9.095192,-1.5238079
MOB257,9.477354,-11.157849,-15.405282,-8.7640085,-1.2112396
MOB258,9.241557,-10.168002,-14.675744,-7.5520678,-1.2812841
MOB259,3.7748828,-7.4085927,-12.8774605,-7.813084,-6.8919935
MOB260,9.3366585,0.089587346,-6.952357,-5.265733,-5.8605614
MOB261,9.217946,-9.763553,-15.7944565,-7.6089272,-2.905305
MOB262,7.0388527,-10.197179,-16.44816,-7.669758,-2.5178285
MOB263,11.678732,-14.97952,-13.622141,-8.220657,-0.063609876
MOB264,10.6228075,-12.931456,-13.916822,-7.788661,-3.266788
MOB265,11.721045,-11.3288765,-14.048974,-8.261543,-3.4633706
MOB266,6.429904,-10.206096,-1.2085963,-5.966419,12.286544
MOB267,2.5544963,-9.268343,0.6996846,-6.1289325,9.16596
MOB268,1.6254805,-8.909909,3.6822765,-6.8997207,15.497601
MOB269,3.9882793,-10.793747,1.4091469,-5.42435,11.801152
MOB270,9.784984,-10.691623,-3.7627852,-2.89268,11.355726
MOB271,1.8184965,-9.711254,3.4787483,-5.605778,12.017388
MOB272,6.1034575,-10.265728,1.0263971,-4.679753,11.858372
MOB273,3.6430528,-8.482941,1.2742676,-4.047702,10.53049
MOB274,10.509354,-12.9588785,-2.6449409,-6.98139,7.4658766
MOB275,5.3676057,-11.388713,3.863638,-2.3534675,0.039646383
MOB276,9.449971,-7.6999893,-12.074796,-3.6307604,-2.1259232
MOB277,10.977465,-8.803198,-12.6994,-4.6963882,-0.7875912
MOB278,9.530973,-12.827089,-8.866454,-6.2962546,0.671004
MOB279,11.312657,-11.738853,-13.7139,-3.2573013,0.5307639
MOB280,8.816124,-10.996533,-14.680902,-4.3925495,-1.3931317
MOB281,9.280267,-10.816427,-13.695648,-6.286821,0.27603543
MOB282,10.973538,-11.021661,-14.114982,-3.6666582,1.4757463
MOB283,7.6773443,-7.2244005,-6.160896,-0.79552656,5.720354
MOB284,10.146465,-11.548577,-5.9697943,-7.8525443,6.2452817
MOB285,4.9995656,-7.8450427,-0.5833871,-1.2022139,8.027302
MOB286,8.058982,-9.378333,-4.10352,-7.190878,6.5708256
MOB287,8.431626,-12.379054,-14.039961,-8.112852,0.47377786
MOB288,2.2408419,-11.308505,3.000226,-5.6539445,13.577728
MOB289,5.779565,-12.042086,1.3661429,-2.8229225,12.696036
MOB290,5.3657517,-12.150928,1.1798788,-2.0923913,11.132322
MOB291,5.9048615,-10.143128,4.4374833,-3.1371589,9.7861805
MOB292,2.9210773,-11.019918,5.1935663,-1.9382371,11.17725
MOB293,7.63992,-10.369237,2.2065506,-2.282238,11.950648
MOB294,7.7697635,-12.796237,-0.5076024,-4.2868276,10.021305
MOB295,1.5153382,-10.245549,3.8899155,-4.061412,11.683412
MOB296,9.343688,-12.083963,-2.618702,0.23204418,12.6971855
MOB297,4.9319687,-10.396454,3.0920556,-1.2148279,8.9050045
MOB298,5.7030582,-10.026307,3.227598,-2.4281802,11.950279
MOB299,8.212546,-9.478384,0.7268262,3.7269912,9.1671715
MOB300,8.830741,-11.574172,-1.735669,3.0057752,7.7173853
MOB301,6.40779,-9.822819,1.2898272,1.483688,7.693521
MOB302,8.904217,-10.129737,-1.842304,3.0237687,9.092184
MOB303,7.76248,-12.129835,-2.8261762,-2.9323924,7.9217515
MOB304,10.8169985,-12.681081,-1.7057503,-0.39573476,9.391058
MOB305,2.4755237,-8.073718,3.113696,-2.7587862,5.3656797
MOB306,6.499159,-10.073415,2.0311508,-1.1135429,3.6287186
MOB307,10.333712,-0.9863431,2.4220674,1.7337492,1.7863504
MOB308,6.266127,-10.863186,0.12763223,0.4819496,5.5952086
MOB309,5.7654796,-12.012369,0.9507724,-1.3628807,9.169656
MOB310,6.4401245,-10.8452,2.006808,-3.2349782,7.3481293
MOB311,7.9441686,-11.623476,-0.43197662,-3.575868,5.554391
MOB312,5.865138,-10.622462,0.19374074,-1.7203872,6.4758067
MOB313,0.5633001,-9.592132,1.0157717,-4.214152,11.917613
MOB314,3.5549314,-8.7036,2.1418703,-0.18029918,5.204562
MOB315,-0.10114347,-7.777944,4.48199,-5.6209955,6.8069477
MOB316,-2.169143,-6.130388,6.434462,-3.230147,7.9376693
MOB317,3.4682086,-9.930396,-2.185833,-3.5679448,10.477459
MOB318,21.18187,29.280725,8.283151,-7.395201,-1.4962448
MOB319,9.291544,-0.6675464,-8.804681,6.209288,3.014718
MOB320,19.594334,22.351744,4.172924,-1.6604205,-1.4556363
MOB321,18.23105,22.95486,3.482846,-4.423068,-0.6639196
MOB322,14.093361,-9.000535,5.76728,15.846808,-8.492453
MOB323,10.238465,1.0092444,-6.944602,6.6116443,0.69702744
MOB324,13.171926,-7.7028956,11.333441,24.064358,-9.771364
MOB325,12.146798,9.862789,-3.7644405,2.6342795,1.7387711
MOB326,12.993341,-7.6782384,9.199862,22.001202,-9.025726
MOB327,21.183847,29.285776,8.284079,-7.3970723,-1.497534
MOB328,15.837571,-15.750898,-14.756679,-5.4200263,1.0640618
MOB329,18.483223,24.058287,0.8004748,-5.6192985,2.0304255
MOB330,14.331491,-9.344187,-13.827227,-2.1085615,4.1942916
MOB331,9.243764,-1.7422074,-7.257939,3.5548868,1.151015
MOB332,13.051269,-5.066392,-2.7868168,11.967173,0.5725755
MOB333,15.169156,6.380257,-0.016452728,7.967092,-0.95665735
MOB334,16.698633,19.22543,-5.1285706,-2.0346394,3.4238951
MOB335,17.188759,20.55661,3.2761774,-4.140313,0.020765753
MOB336,11.077572,4.9384313,-5.17945,3.612138,1.6797153
MOB337,11.588252,-7.151273,-0.75974005,10.579824,-3.3002503
MOB338,11.775475,-6.3235197,2.3199406,13.717067,-5.1916733
MOB339,19.452326,25.059937,-3.6777987,-5.88719,3.9011312
MOB340,10.476882,0.72630084,-8.195982,7.2792645,2.758514
MOB341,13.232451,-7.8034163,10.992147,23.666311,-9.503063
MOB342,15.7928095,15.137723,0.007807033,-0.58439445,2.2621286
MOB343,13.359967,13.431448,-3.4066515,-0.16598195,2.374536
MOB344,8.855629,0.2806244,-1.4391434,9.970578,-2.0226886
MOB345,9.60018,3.6156394,-4.6506324,4.232432,0.97716033
MOB346,13.105024,-7.6642904,8.618189,21.31206,-8.727027
MOB347,12.840035,-4.011065,-0.33584878,14.377375,-0.85629797
MOB348,11.775433,7.294858,-3.9422905,2.988228,0.873545
MOB349,13.262498,-7.710008,-7.9405704,5.615886,4.674179
MOB350,19.28379,25.100971,6.268114,-5.8895745,-1.2291899
MOB351,9.586023,2.6444368,-4.848559,6.138558,1.6439192
MOB352,13.070802,-11.030948,-3.5942922,8.504592,-3.6882217
MOB353,13.984706,-11.713174,-4.3063645,5.8577623,-3.9975553
MOB354,13.043518,-6.889135,7.4384108,19.984314,-7.207121
MOB355,13.775246,-9.615458,8.639861,20.623617,-9.75606
MOB356,14.058929,-9.439726,9.138965,19.532957,-9.892195
MOB357,18.006784,23.35838,-1.5604929,-4.3314347,1.5680403
MOB358,19.76198,26.812042,2.4337032,-5.5704656,-0.024879845
MOB359,16.58734,-14.391747,1.0378777,11.549994,-7.0223613
MOB360,14.275039,-11.454458,-1.3701215,8.897939,-3.918864
MOB361,16.389389,-13.72246,-2.9337351,8.698407,-4.2445126
MOB362,18.775635,24.75199,0.10032911,-5.188528,1.0896026
MOB363,14.810821,-11.81802,2.039389,13.559007,-5.256015
MOB364,18.13639,24.356018,-0.87422234,-4.2302165,0.8687947
MOB365,18.787956,22.290586,-2.8687668,-3.6788116,3.334339
MOB366,16.907362,18.201733,-4.599282,-2.2947538,3.2006016
MOB367,13.585254,-10.512145,-3.2487276,7.1700764,-4.172091
MOB368,17.109041,0.3633512,-6.565537,5.077575,5.8437376
MOB369,16.278791,6.671408,-9.188208,0.8797002,5.070387
MOB370,16.852089,2.347419,-8.426182,1.4608533,5.880258
MOB371,17.465826,-15.181146,-9.231486,4.5966973,4.9111466
MOB372,16.814417,-11.980442,-6.6812053,5.8481507,3.9340372
MOB373,18.462654,-17.829805,-12.091873,-1.1270238,2.6959972
MOB374,19.587563,-16.326498,-9.706736,1.0240111,4.84716
MOB375,19.593561,25.445942,0.7976712,-6.310454,1.8352627
MOB376,18.964247,26.141502,2.1031816,-5.211396,0.20097639
MOB377,17.835415,11.859327,10.48999,4.858814,-5.9987197
MOB378,19.106897,24.226793,1.4480458,-4.9302673,0.32411534
MOB379,19.343197,13.878966,0.6183976,-7.083144,-1.3932405
MOB380,18.285097,22.243528,-1.918788,-4.1240444,1.8942467
MOB381,19.061342,21.793362,-2.8861895,-2.5061355,2.2778206
MOB382,19.279886,26.310741,2.0717177,-5.1870303,0.3413131
MOB383,14.213739,-9.108017,7.5522833,18.694334,-8.362363
MOB384,13.742732,-9.427794,10.820351,20.974735,-10.416447
MOB385,12.949203,-6.901697,7.5056458,20.633354,-7.9381266
MOB386,14.290143,-9.104538,10.301089,20.815395,-11.29433
MOB387,13.6943035,-11.352147,-4.148462,8.56841,-2.9723375
MOB388,17.38596,-5.4116607,-11.203152,-4.6508636,0.13023561
MOB389,16.872889,-13.159307,-10.764002,-0.5278731,4.57615
MOB390,17.108164,20.218704,-4.300158,-3.216904,2.8096464
MOB391,14.874745,-12.30011,-6.8856654,2.7196152,-3.0154283
MOB392,15.825478,-8.049127,1.2682822,11.533203,-1.959999
MOB393,16.188204,3.7237592,-1.4761417,7.319918,-1.6604966
MOB394,15.235096,4.0352163,-2.3716412,8.417137,-1.4614904
MOB395,15.112328,-12.840097,-1.667623,9.836349,-6.06323
MOB396,16.795498,6.9157615,6.515381,4.9795394,-6.1486506
MOB397,17.070942,16.90282,5.006278,0.13164428,-2.49338
MOB398,17.54354,-14.200949,-8.046799,3.8449435,2.4618475
MOB399,16.505386,-14.965441,-12.069723,-1.8193748,4.3026853
MOB400,18.559599,11.458631,8.316849,4.939006,-4.876833
MOB401,18.293358,12.629003,5.9591937,2.2136154,-3.9226916
MOB402,16.699314,-2.4239008,-11.468458,-4.768548,2.9807165
MOB403,15.294698,2.741679,-10.838327,-2.9544015,1.8824171
MOB404,18.528336,17.647978,8.619016,1.2378073,-3.8350635
MOB405,16.358877,7.843229,9.279092,12.26085,-7.057538
MOB406,17.191584,13.859815,10.436006,6.528634,-4.302854
MOB407,19.140814,6.1974335,-1.2353992,-1.0384876,4.5277176
MOB408,19.70554,15.140251,3.4084625,-1.0484186,0.36377758
MOB409,18.322788,8.539697,3.7965994,2.2465315,-0.15581252
MOB410,18.875385,12.639094,1.9221185,-2.628126,3.2455842
MOB411,19.597141,7.1879644,3.4634387,4.805958,0.20888889
MOB412,19.780563,16.439217,4.5170465,-2.8436973,-0.53159684
MOB413,19.766893,26.487856,-0.45013517,-6.0487027,1.7868364
MOB414,18.618916,6.140294,-4.8131485,-7.485531,-0.5045613
MOB415,19.076477,6.3784375,-5.0709496,-6.864694,-0.81435037
MOB416,14.613129,-12.418011,-5.3643107,5.4927483,-3.0298157
MOB417,14.378747,-9.516157,3.6046464,15.878508,-5.6634192
MOB418,15.822453,6.4893975,-9.740767,-2.1180909,2.6349168
MOB419,15.854257,18.046396,-5.3046765,-1.8225449,3.1925166
MOB420,16.896194,20.267572,-4.670858,-3.1652591,3.2755475
MOB421,17.24522,21.050667,-4.042482,-4.1844606,3.0547934
MOB422,9.797618,-0.6647452,-2.9645894,8.889226,-0.8995026
MOB423,10.293365,-1.3319076,-0.4119327,11.853727,-1.5777633
MOB424,9.332342,-0.013709957,-2.521458,9.463138,-0.44390228
MOB425,10.412657,-1.4450791,-1.0281564,11.694607,-1.4016457
MOB426,10.082186,-1.1202497,-1.5370624,11.991082,-1.2167878
MOB427,12.908144,11.648948,-7.4569407,1.9799587,3.1214406
MOB428,14.599988,14.029561,-7.943742,0.9147968,3.3569198
MOB429,9.005583,0.12705389,-5.6160717,6.2357345,2.597025
MOB430,9.655394,-0.8907927,-5.289664,6.9658165,2.4268363
MOB431,9.582498,-0.45986846,-5.2526164,6.548724,2.9437778
MOB432,14.762775,17.633295,-4.946589,-2.3360198,2.8869572
MOB433,15.155246,16.497456,-5.1589856,-0.7975742,4.0339575
MOB434,9.235213,0.69717294,-8.467348,6.249251,3.0736432
MOB435,9.602221,2.2146406,-6.440513,6.4194136,2.2059948
MOB436,5.827666,2.237899,-4.7499638,3.289339,0.13696218
MOB437,14.568155,16.316738,-5.4128227,-0.8578438,3.4519415
MOB438,10.762342,11.496015,-5.06861,-0.905059,1.5912955
MOB439,12.448594,14.800652,-5.226544,-0.9714933,2.9779553
MOB440,14.274951,16.869545,-5.8287525,-1.0551881,3.5643876
MOB441,12.304807,15.312647,-5.4034824,-0.67688394,3.2524655
MOB442,14.854108,16.771357,-5.4146996,-1.0801946,4.189577
MOB443,15.173599,18.69756,-5.0288787,-2.335681,3.3074005
MOB444,14.967814,16.943386,-4.5687904,-2.3504424,3.4902189
MOB445,13.721051,16.929209,-5.655222,-0.93686336,5.071813
MOB446,14.030138,15.101267,-5.8220534,0.5022924,4.159207
MOB447,12.819881,14.654875,-6.9390945,-0.05416705,4.443806
MOB448,14.7218275,18.803627,-5.8306003,-1.4686112,3.6784494
MOB449,13.941434,16.216208,-5.6331363,-0.74587804,3.9327512
MOB450,11.262482,13.456295,-6.681601,-0.5117517,3.4815106
MOB451,13.001618,14.555341,-7.394451,0.3821951,4.7063704
MOB453,17.00392,19.101202,-4.466188,-2.5606139,3.580835
MOB454,16.085892,18.482449,-4.575881,-2.2231116,3.2049456
MOB455,14.628225,18.786953,-4.0173836,-2.319691,3.455305
MOB456,16.753588,5.708084,-3.0325823,3.0980527,2.931597
MOB457,16.524384,19.648432,-4.024418,-3.5903938,2.907964
MOB458,15.271798,18.545353,-5.0537333,-2.723253,3.069756
MOB459,9.366422,1.9226338,-7.935347,6.0160093,2.8162277
MOB460,9.978273,1.5604506,-8.614512,6.483607,3.204977
MOB461,9.895723,1.667328,-8.696192,6.769097,2.3759606
MOB462,9.221549,1.3450668,-8.538417,6.2031384,3.0250232
MOB463,8.919792,1.260678,-8.441077,5.956132,2.9162621
MOB464,9.3097725,1.5123521,-8.588037,6.073235,2.860971
MOB465,9.984595,1.2904416,-8.483712,6.623275,2.4561691
MOB466,7.8924704,2.4052227,-6.1723285,6.7459064,1.4676594
MOB467,10.340183,-1.199077,-2.6949534,10.551089,-1.0296186
MOB468,9.964923,-0.13837238,-2.4108348,8.543285,0.15433261
MOB469,11.466626,-1.8033385,-0.25162637,12.158094,-2.0519035
MOB470,10.432276,0.99498314,-3.8141515,9.353738,-0.7255369
MOB471,3.8837018,8.982104,0.3593888,-0.8932275,-3.2175827
MOB472,16.801346,11.494919,1.4313251,1.5213798,-0.5895857
MOB473,4.206418,1.3533487,17.238466,-1.2406368,2.9876814
MOB474,4.3054347,3.6317217,17.022076,-3.661287,-2.7591808
MOB475,-0.3981079,3.2818449,-2.4844756,0.11258774,-6.2401843
MOB476,-5.00248,12.313638,-1.6717324,-5.800113,-6.653167
MOB477,-1.4111727,9.031892,-6.242543,-4.0264177,-12.248937
MOB478,-1.9338796,5.523227,8.483923,-4.1458273,8.751866
MOB479,-5.8437243,9.522131,-5.0414333,-5.4293947,-6.6329484
MOB480,-4.3937664,4.8808775,13.605277,-11.128822,2.5976233
MOB481,-3.4469738,5.451209,7.2152376,-5.2222695,5.6456513
MOB482,4.7350464,13.475008,-10.970987,-0.5212841,-2.5882227
MOB483,-5.3041835,3.814241,13.4001665,-9.27494,2.5605934
MOB484,1.4929966,10.671513,-6.31168,-3.4050217,-1.4463173
MOB485,-5.807131,3.1213808,14.124737,-8.792415,3.7864985
MOB486,-2.1729226,9.539258,-8.357957,-2.8384767,-4.631965
MOB487,-6.4515724,1.4242644,14.013955,-10.945301,3.37402
MOB488,6.932195,15.206497,1.8852739,-6.4159393,5.4461164
MOB489,-1.3041738,3.3776393,9.141256,-8.637354,4.131508
MOB490,-1.1554872,6.956975,5.961391,-5.2939777,4.8613358
MOB491,4.3830533,11.432065,5.7604437,-6.95161,5.482473
MOB492,2.1452858,-4.099097,7.9581585,0.07368683,1.3265425
MOB493,-8.343094,-1.9181736,12.782373,-2.9875736,2.6404543
MOB494,1.7612497,3.8871784,6.0399847,-2.456715,-0.79985607
MOB495,3.2815542,-9.893557,5.980709,0.97935945,5.0372586
MOB496,3.2898283,-7.926358,2.3187568,2.735766,9.4007435
MOB497,-0.17362922,-6.2432294,8.09219,-0.014886423,-1.6096721
MOB498,11.150333,-0.48821416,0.10707671,0.76066875,1.9550909
MOB499,12.3250885,10.568413,0.9322826,0.6224131,-4.3498244
MOB500,-0.14589599,-10.2141485,10.386757,-4.1081624,-1.0895163
MOB501,2.3301072,-5.1009088,-5.274501,-1.1490782,-5.899828
MOB502,-0.101885624,-5.467619,10.066224,0.8655536,2.4543924
MOB503,1.3072263,-8.373917,9.732044,2.0681877,-1.74348
MOB504,-1.8861479,-4.4150915,-7.0039215,0.4762521,-2.220226
MOB505,1.7175108,-5.7482214,1.4608903,-2.2470443,4.249913
MOB506,-0.55571586,-3.4753385,7.99961,0.29386356,0.7122888
MOB507,-3.039386,-6.9839983,8.176751,-3.1776118,2.252885
MOB508,3.043658,-5.835406,7.10328,4.8841586,-3.3217196
MOB509,7.1684766,-9.079336,6.1199775,-0.47656256,2.711967
MOB510,1.0305837,-5.1853347,5.7271175,1.4598897,-0.18351658
MOB511,2.34239,-6.330246,8.793612,5.3623524,-0.1752145
MOB512,-2.1078644,-2.8587012,4.664829,-1.0353692,-5.808966
MOB513,7.5029225,-6.867616,5.4409885,1.9149657,-5.002541
MOB514,4.7386513,-5.3290486,0.51507056,-1.2641444,-0.25637794
MOB515,-1.5927105,-7.280174,9.813781,-2.994279,1.5057666
MOB516,-1.4837654,-0.7909236,-1.7791418,2.2371213,-8.653006
MOB517,7.743009,-5.726854,5.526454,0.19085737,0.72963285
MOB518,-4.6162543,-2.4867985,-3.6685576,2.4572494,-2.8155084
MOB519,1.3162465,-4.6412296,-0.9061313,3.1504524,-1.5334606
MOB520,-0.1700334,0.76278645,2.0133147,-0.6131003,-5.806894
MOB521,2.577743,-3.4338923,5.0542808,-0.074456446,0.43061665
MOB522,6.842522,-7.888375,4.8234215,0.9586983,4.1111054
MOB523,3.0919957,-8.851047,8.295952,1.9603511,-1.4135544
MOB524,-5.140933,-1.7084419,-5.734578,0.17888476,-2.4755237
MOB525,2.0867712,-2.9753444,-5.269937,5.18914,-6.161534
MOB526,2.852338,-0.6962554,-0.24195434,2.0888553,-3.9311054
MOB527,3.3830354,-10.454653,13.693243,9.725948,-4.0511765
MOB528,0.6129257,-3.1284933,-5.4241114,6.1362977,-10.693424
MOB529,-12.292498,0.080285765,-9.04981,-3.5134728,-13.490127
MOB530,-5.7063565,10.38296,-2.6020935,-4.445204,-7.845039
MOB531,-10.318003,-0.8802974,-5.970197,-3.0387976,-14.092902
MOB532,7.5500045,5.9524474,-1.1494503,-2.5286841,-4.5357795
MOB533,-5.9107423,-1.0095683,-4.5614247,-2.178991,-2.7595007
MOB534,3.656912,-4.721787,-3.9058228,-4.0704994,1.0264928
MOB535,2.610856,-7.911135,-17.539652,-3.3703735,-4.9362545
MOB536,0.488996,-9.749774,1.2688684,-5.052205,5.728843
MOB537,-4.575756,-7.3291087,10.670722,-10.130156,5.3785357
MOB538,-4.698002,-1.1981199,8.530497,-5.3155894,2.3697646
MOB539,1.1878805,3.7414458,-5.043528,1.1765937,-5.0787935
MOB540,-7.9824147,0.23808004,7.2565837,-3.4165394,3.9544337
MOB541,5.4095936,3.1447148,-0.8293761,0.8505033,-4.414845
MOB542,-0.5651658,4.9351606,7.6707087,0.69675404,-10.326627
MOB543,0.49395537,5.8300123,8.3784685,-6.998878,7.059088
MOB544,-14.062299,3.8860016,-7.457439,-2.722775,-12.766114
MOB545,3.6194026,6.736802,3.6681266,-5.8195686,4.5162926
MOB546,11.330985,14.224806,8.885053,-5.8409843,0.6444151
MOB547,5.3144636,7.3249354,7.519157,-5.599344,3.991567
MOB548,11.597,21.94148,5.1852403,-7.4375763,-5.74377
MOB549,-2.7639153,8.437358,-7.1174426,-2.583537,-3.9608214
MOB550,-3.9565578,13.501789,-2.7380638,-6.854804,-7.291282
MOB551,0.15011339,-6.875534,3.4757533,0.98214763,-1.3307807
MOB552,8.508735,3.8918836,1.5170243,0.4732962,-4.1699724
MOB553,12.175059,13.002423,2.3160233,-3.2632473,5.005979
MOB554,6.57222,0.28428295,3.4869454,2.6298892,4.134535
MOB555,-2.873948,-3.2138476,-7.6359406,3.5140433,-6.905456
MOB556,-3.5883515,-2.9204893,-8.142023,0.7847573,-9.433405
MOB557,7.6488876,17.468153,-1.6782148,-4.9086266,-5.1778755
MOB558,2.1953654,-10.070243,-13.313502,-2.8603864,-2.0480952
MOB559,9.403613,-6.0171885,-1.8121307,-2.4192247,0.4956734
MOB560,4.955293,-8.880384,5.693848,-1.9878892,10.868472
MOB561,1.6178548,-1.2261863,-6.254224,7.9869113,-6.581549
MOB562,13.468705,0.61515087,-0.7672641,3.054607,-0.39524314
MOB563,3.0378568,-6.965467,6.728675,-1.1624082,3.4121788
MOB564,1.312305,-9.15879,-0.5227621,1.059325,4.837892
MOB567,7.3385315,8.331882,5.1643023,-2.4894426,3.835654
MOB568,10.13998,-2.0766866,0.7756337,0.8712616,0.24331975
MOB569,6.7437444,8.099575,0.2748091,-2.2298455,-2.6505504
MOB570,10.106706,-2.7227237,0.83505154,3.4947572,3.1169393
MOB571,-1.6897763,-1.3012055,-3.1256897,5.7562943,-5.8589816
MOB572,1.8965235,4.618074,-5.2795935,-1.9043479,-9.428403
MOB573,-0.31808242,-1.0551971,0.82923126,4.324895,-1.7399017
MOB574,9.619898,-2.9111574,2.0351403,0.20882736,1.0755972
MOB575,7.1350474,1.8580538,-4.7992187,1.7723336,-5.3611603
MOB576,3.1936426,-4.1760387,-0.902435,3.8482645,-9.709774
MOB577,6.4410987,5.001366,-3.6842873,1.144319,-7.9309764
MOB578,-3.6905518,2.8281004,-4.2120986,1.0980542,-6.1121426
MOB579,1.7727692,-0.067000814,-5.5276046,5.3087187,-4.4518843
MOB580,8.248778,11.180423,8.0822315,-5.7552557,0.27952743
MOB582,-0.33963826,2.7370498,16.716032,-3.4403765,3.3701656
MOB583,3.8423038,11.117745,-5.6691203,-2.6348233,-9.94178
MOB584,6.1908016,-4.0132194,5.2384486,1.9554782,4.6837173
MOB585,10.685537,-0.077500924,-1.3734409,0.6475896,3.6737657
MOB586,7.467387,-7.2464623,5.430299,6.4198976,2.7338111
MOB587,5.766097,-9.502121,7.0773253,2.7119346,3.515353
MOB588,-0.7175242,0.10163576,-7.8737197,-1.7769203,-9.616756
MOB589,4.9436364,1.3364245,-5.500773,0.61597306,-3.7028441
MOB590,2.9042456,-5.982277,-11.249425,4.1788526,-4.2123065
MOB591,1.993201,3.012338,17.598736,-3.6670249,3.9584827
MOB592,3.8041906,-3.1038015,5.4484816,0.76730835,-1.9409415
MOB593,3.1953042,3.6151848,15.323276,3.304145,4.8504515
MOB594,-2.9696968,0.34430835,17.138514,-3.3460677,2.8840177
MOB595,-0.6350467,-1.1745086,18.250797,-1.6321313,2.627546
MOB596,-5.7984986,2.1265657,14.194064,-9.498105,5.3365264
MOB599,2.2636316,6.989747,13.133697,-6.4488835,3.8790445
MOB600,6.449605,4.159361,5.7256627,-1.174232,-0.41655886
MOB601,8.794037,20.141592,5.8849344,-8.417103,-0.32369074
MOB602,11.482821,14.813097,5.6085105,-4.307613,0.34994617
MOB603,14.014038,21.892212,6.4883814,-5.5841184,1.6580633
MOB604,3.367633,18.34615,3.1063418,-6.6108475,-2.832941
MOB605,6.0628138,15.487493,7.982166,-7.7300863,4.758188
MOB606,8.957514,18.67281,12.345824,-7.842034,5.3924227
MOB607,4.6081886,14.7828865,7.5939364,-7.187447,-0.38689125
MOB608,7.0568576,3.2916079,-5.7322884,-6.3882813,3.1404593
MOB609,12.200324,16.105204,4.3807344,-7.461241,1.0849512
MOB610,7.3394847,2.049237,-0.017127315,-4.7602844,4.4587483
MOB611,-2.052183,-0.5294643,-3.6948333,1.4097575,-6.4434886
MOB612,-1.1140398,8.520986,13.180145,-8.706413,3.1289685
MOB613,0.8441301,9.570671,10.985971,-9.5439005,3.5429084
MOB614,-0.041755117,11.073432,14.843667,-12.742795,1.6217853
MOB615,-0.32936504,8.138897,15.86105,-10.30497,0.25760996
MOB616,-2.6214948,5.6238337,17.122746,-11.471466,4.4792233
MOB617,8.056902,17.726522,11.942096,-9.536988,0.404431
MOB618,7.611886,16.772545,11.907177,-10.376941,-0.13916291
MOB619,-1.5045221,5.5912495,18.516392,-10.304541,7.185332
MOB620,-0.35187146,-5.520099,15.762388,-3.9310873,-4.823668
MOB621,-2.0418475,-4.433778,17.293652,-5.7073035,-4.1637444
MOB622,5.5439553,-3.3099906,16.119473,-0.024560248,-1.7202191
MOB623,1.408292,-6.552166,16.662777,-2.214065,2.7934659
MOB624,6.337303,-3.1161516,14.432029,-0.32082903,-0.94936484
MOB625,4.7390423,-4.907137,14.983572,-1.4832181,-1.0857936
MOB626,9.795438,3.26881,6.8045177,-1.0692723,-1.0481405
MOB627,2.0429974,-4.754136,16.21926,-3.2626004,-1.5760157
MOB629,6.9173408,-4.5768003,9.676047,-4.883082,0.605236
MOB630,7.766636,-6.496404,8.567485,-6.4206038,1.7144173
MOB631,1.227233,-4.103494,16.688417,-0.9951659,3.9017544
MOB632,4.450392,-4.846776,12.333063,-3.112542,2.4756062
MOB633,4.9169846,-3.0678635,8.397504,0.19747895,0.41653183
MOB634,6.2197676,-3.3091168,6.7980223,0.21423371,1.6054487
MOB635,6.882411,-3.7437685,7.2412415,2.5419528,2.47073
MOB636,4.23726,-3.5571363,7.8805933,2.079469,2.2195168
MOB637,-1.582672,0.020806346,8.847907,-1.3913014,-3.4108448
MOB638,4.439588,0.21216354,8.177242,4.1502748,-5.3927817
MOB639,11.585994,19.436274,4.414961,-4.989323,3.01802
MOB640,10.48953,19.163305,6.6332703,-6.5971413,2.5423794
MOB641,10.733229,18.818125,8.278891,-5.5661864,1.301351
MOB642,5.868891,16.633972,1.1854162,-3.241984,-0.38492957
MOB643,8.090564,20.215935,2.7275922,-4.8666215,1.1881695
MOB644,7.3909187,18.949942,0.13370046,-4.4772773,1.1320283
MOB645,7.6300335,10.062326,-5.3091826,-3.2402,-4.496501
MOB646,6.516809,8.647912,-0.057375934,-5.6034174,1.4681026
MOB647,-4.9476795,-2.676059,8.635187,-3.5059075,-3.150529
MOB648,5.2609625,10.11809,11.335813,-5.4861083,-3.019474
MOB649,-3.4194164,-4.428819,9.188623,-3.9753742,0.59336495
MOB650,-3.2529345,-4.8909345,9.92566,-6.476801,2.269049
MOB651,-1.735454,-5.550827,6.499273,-1.8096809,3.7721689
MOB652,-3.088698,-5.063431,9.786685,-4.9498982,0.41250646
MOB653,4.47821,-8.209246,12.257045,12.992502,-1.0387275
MOB654,6.7040753,-0.88987595,2.3800318,8.798815,-0.26850843
MOB655,4.2796283,-6.2698693,9.655806,11.466332,0.4248769
MOB656,7.242645,-12.651203,-7.4875107,-6.840913,3.6687412
MOB657,1.0195115,-9.146415,-1.099217,-9.649705,0.007038072
MOB658,-1.6416419,-0.50002223,5.353986,0.92005396,3.9845238
MOB659,3.159718,-1.6365433,-1.7318401,3.749176,4.5387545
MOB660,-0.26363456,-0.37648395,1.7969608,3.1835034,3.014796
MOB661,3.398608,-2.0564554,0.796221,3.4665182,5.3917103
MOB662,8.680491,1.7153966,-1.4729967,3.4532003,2.1255867
MOB663,7.6938486,-7.724279,12.865205,12.548499,-9.101183
MOB664,4.49046,-8.84573,9.497088,13.669465,-2.3694775
MOB665,-0.6876308,-7.696555,9.971127,2.0093951,-1.5822684
MOB666,12.57892,16.236792,13.791208,-3.0758018,0.75942063
MOB668,8.227139,10.470158,16.373274,-6.5518656,-2.8575957
MOB669,11.288984,12.971376,15.705126,-2.9738445,-1.3599486
MOB670,6.9195905,0.3216216,-8.999106,4.686956,-4.62181
MOB671,0.43994567,-1.689554,14.685406,-5.06906,3.1473763
MOB672,3.5777965,-5.9211063,15.162642,-1.9433303,-0.49598092
MOB673,-1.7621871,-0.8032738,14.641609,-6.3559165,1.5075992
MOB674,8.044883,-2.7379296,14.465094,-0.9195145,-1.0675768
MOB675,2.9699273,-3.2523298,15.706687,-3.6247168,-2.5314422
MOB676,-2.2887864,-3.525941,16.209566,-4.233577,0.9318352
MOB677,-0.9602318,-4.514418,15.982648,-4.015322,-3.8489223
MOB678,0.1077898,-2.7604918,15.317876,-5.148682,-3.9531507
MOB679,1.2370161,-4.122604,15.392007,-4.2574677,-1.9522531
MOB680,-0.05623094,-3.4756873,15.868837,-4.5175953,-3.8977966
MOB681,4.0543523,-4.875172,14.459836,-2.7405171,-2.7587664
MOB682,1.1812023,-5.918089,16.80848,-3.954846,-1.1877441
MOB683,-1.3611616,-4.313556,18.317415,-6.325918,1.7339555
MOB684,2.713461,-9.886155,4.3282557,-10.487153,-0.82397735
MOB685,7.4802337,-3.9135003,14.509009,-2.2057564,-4.745464
MOB686,2.8546145,-9.457744,5.4178853,-8.041124,0.533111
MOB687,12.514741,6.569728,5.909686,1.9167116,0.2795925
MOB688,4.6872687,-3.3263001,7.840487,-5.4191613,-2.687239
MOB689,3.5095456,-0.6727875,13.763827,-5.5251527,-2.1839187
MOB690,5.303557,-3.3655105,15.4143,-2.3186426,1.2455808
MOB691,3.3680468,-4.5299983,16.017036,-2.8359106,-1.8047143
MOB692,-0.67193824,-5.2238107,13.61145,-5.2425737,-2.237319
MOB693,0.52451664,-5.0043626,17.334364,-3.4115167,-0.874145
MOB694,6.7404475,-8.772049,3.3338873,-7.9294033,3.085858
MOB695,8.778286,-8.966813,4.5362444,-7.0590396,0.75060827
MOB696,6.0158696,-6.3615513,14.716755,-0.5714687,1.7232208
MOB697,9.198094,-5.4054036,1.0562578,7.488935,-1.3367294
MOB698,3.2808058,0.19175778,6.864346,0.30790752,-5.5516105
MOB699,6.4000287,-2.8832762,7.806236,0.48490435,2.418058
MOB700,6.9666142,-4.2614503,7.6988964,2.3003616,-0.49876782
MOB701,5.478003,-3.0936806,3.059112,-1.1858436,-3.0526834
MOB702,7.1710076,-2.76788,3.8625433,3.560524,2.8847542
MOB703,8.958665,-5.069694,2.512339,2.2992077,1.6768457
MOB704,7.7031207,-4.3952165,2.5337386,-0.2317735,-0.35641184
MOB705,7.748989,-5.502823,3.403298,3.2149663,1.2735231
MOB706,7.685928,-3.0387564,1.4632723,-1.3241653,-1.828658
MOB707,4.9826236,-4.5321555,7.4450026,2.2046573,-1.1571413
MOB708,7.471581,-4.9324884,-0.5932751,6.3207693,-0.76112455
MOB709,17.614601,-11.397879,-1.9571863,10.47317,1.876468
MOB710,17.807476,7.6496196,13.040234,9.7367735,-6.204708
MOB711,18.676332,12.608804,11.6673,8.531931,-6.236446
MOB712,19.517183,26.526255,3.257243,-6.4737663,1.1319332
MOB713,18.400393,24.129917,2.398617,-6.5451827,-0.13651273
MOB714,16.33302,-12.33425,-0.9214612,11.599917,1.2007773
MOB715,16.73382,-10.866899,-2.183133,11.656754,1.7144591
MOB716,16.03366,-9.6089,1.2019839,11.909757,-0.35770953
MOB717,17.164713,-11.361699,-1.7684287,10.129799,1.840601
MOB718,15.030772,-10.488252,-0.7891794,7.418674,-4.9858236
MOB719,15.295023,-11.848975,-1.1423428,9.504717,-4.7386727
MOB720,16.642466,-14.974114,-4.340714,5.3739567,-6.232204
MOB721,15.91608,-13.399119,-4.446076,2.886184,-6.0128965
MOB722,16.017227,-13.287282,-1.5703814,8.388841,-4.9606004
MOB723,16.624754,-15.5391445,10.441606,18.016752,-13.004605
MOB724,15.541188,-10.185989,2.0129967,13.850517,-3.2479157
MOB725,20.174551,-20.862125,-17.475061,-8.990155,4.8897433
MOB726,18.232523,-15.536232,-10.9187975,-0.14976929,5.4347286
MOB727,16.928799,-14.081939,-8.401717,5.0661116,6.42281
MOB728,17.96527,11.5241165,5.973488,3.420812,-4.2025495
MOB729,17.40868,17.705414,8.501819,3.9474566,-5.204896
MOB730,20.45277,19.00597,4.310065,-4.238284,-0.56278944
MOB731,18.326912,8.551543,3.755007,2.2427204,-0.15362288
MOB732,18.867296,11.581047,2.216657,-0.58649814,-0.26847565
MOB733,20.387281,14.56598,1.0400708,-2.8967545,2.0317233
MOB734,20.256445,11.384311,0.4680926,-3.7740946,4.4109373
MOB735,19.806381,16.688599,4.617926,-2.8578286,-0.80862856
MOB736,19.65712,26.520205,-0.3721069,-6.1084533,1.5680082
MOB737,19.277903,26.297289,2.0501413,-5.190544,0.3848041
MOB738,19.706036,26.626804,3.1655297,-6.6922717,1.1878821
MOB739,17.905008,-16.966333,-13.203744,-1.1596245,5.17063
MOB740,17.410976,22.981153,-0.98023987,-4.888107,1.4132333
MOB741,11.580582,10.761729,-7.30468,2.0995038,2.5221713
MOB742,12.161315,11.017989,-7.351899,1.7707237,2.4934328
MOB743,15.085176,16.907528,-4.1152034,-0.8087619,4.1675644
MOB744,20.992636,27.265583,7.5436997,-6.543753,-0.4286337
MOB745,20.498802,28.55742,8.117873,-7.322499,-1.3639988
MOB746,20.455896,28.4136,7.8309145,-6.622505,-1.0856777
MOB747,18.856203,26.483816,7.9592185,-6.662817,-1.5239645
MOB748,20.480297,27.55122,7.7164407,-6.7461452,-1.2567639
MOB749,-16.669119,2.6592774,-8.920548,-3.726093,-15.28815
MOB750,-11.9465475,-3.754044,19.60083,-11.552475,6.1772275
MOB751,10.83337,-2.351364,-5.7266536,7.0561876,3.5478892
MOB752,18.172503,-12.17604,-5.8106575,8.183925,5.6411414
ISU288,-9.579208,4.515077,4.874469,-6.515781,-6.340211
ISU289,-13.698635,3.1093829,-7.3189993,1.4384204,-8.395868
ISU290,-14.260751,5.5394864,-7.038233,-2.1509955,-12.210653
ISU291,-13.278632,2.461254,-7.0458875,0.5554289,-7.5649796
ISU292,-14.609592,0.34182563,4.3073893,-1.447635,0.20710784
ISU293,-7.3088226,6.800669,-1.7876178,8.157393,7.4902062
ISU294,-13.401134,3.1790478,-3.676194,-5.137309,-8.7579155
ISU295,-12.591181,1.7075766,-5.64517,0.105533645,-10.412722
ISU296,-15.132103,3.335602,0.6434416,7.648684,7.879499
ISU297,-14.727941,2.3822534,-4.4838347,4.396215,1.9128757
ISU298,-14.549466,6.9276514,-3.8152335,8.089915,5.058561
ISU299,-12.276054,7.019407,-6.94835,4.2313914,-3.458793
ISU300,-14.517469,3.4660556,-4.5800533,-4.891292,-6.702769
ISU301,-13.374635,3.0881102,-6.321107,-3.4008915,-10.507015
ISU302,-14.819256,6.427473,-8.927276,1.9097016,-6.6977654
ISU303,-13.053115,5.692178,-8.43234,2.0811534,-6.6542034
ISU304,-8.89125,3.3925917,3.1042876,-2.2282436,2.4496267
ISU305,-17.310583,5.9100804,-3.0177598,4.0906687,-0.6007055
ISU306,-14.350876,3.9351614,-9.831166,3.5119543,-7.0521827
ISU307,-3.930876,3.3848686,-5.9702864,7.764795,4.9090033
ISU308,-11.50706,0.7206663,5.491169,-8.119978,-5.4616385
ISU309,-7.954421,-0.5647163,-0.5797322,1.9289737,1.0505781
ISU310,-7.252919,0.6991131,-5.118666,4.762448,-0.8389405
ISU311,-7.921011,-3.0986292,3.6924286,-4.631346,1.5467681
ISU312,-9.366291,-2.9113922,11.519962,-9.768021,2.9960632
ISU313,-12.493115,5.173821,-6.603317,-2.249006,-7.529086
ISU314,-12.363946,2.6975727,-7.6609235,2.989714,0.21418533
ISU315,-13.0488205,3.4169576,-5.47659,6.7318797,2.1995559
ISU316,-6.276061,0.64079344,-1.7877893,3.2156222,-1.3997697
ISU317,-12.835549,3.745351,1.2475581,-4.4806204,-5.581066
ISU318,-15.571078,2.1014695,2.7958436,2.6150866,6.894655
ISU319,-13.2153845,5.4733243,-4.847511,0.37927067,-8.6487255
ISU320,-11.949807,3.655439,-7.5501866,-3.8791187,-9.962094
ISU321,-6.8267984,4.2163644,-4.857931,7.7272515,4.766527
ISU322,-11.930519,2.2273927,-7.628475,3.7165177,-5.2205834
ISU323,-11.274147,0.24063773,2.835525,-9.727252,-6.9407177
ISU324,-8.874235,0.5131207,-3.393472,4.878042,1.486232
ISU325,-13.896294,4.451119,-4.043637,9.140996,8.3597765
ISU326,-8.696333,5.40415,-10.631654,5.5304947,-5.210454
ISU327,-8.515993,-2.3858466,5.1008506,-0.66905224,10.544844
ISU328,-15.448699,5.197286,-3.3998227,2.4380047,-2.23908
ISU329,-11.454644,2.5151572,-3.2379022,5.1583457,1.4093266
ISU330,-8.895421,-0.25230157,-1.4647081,-2.6170533,-3.9040947
ISU331,-10.405767,2.1251945,0.0011340711,-3.7881427,-7.0508885
ISU332,-13.126088,4.687625,4.757204,1.1768637,2.7981572
ISU333,-14.297865,-0.7730153,8.52609,-1.2527624,9.577431
ISU334,-11.599062,-2.8458135,6.9396243,-9.047223,2.3048875
ISU335,-10.604951,3.2567027,-6.487423,2.2078013,-5.501068
ISU336,-11.602323,2.6961064,2.480076,-4.4418793,-5.1822596
ISU337,-10.485781,1.9887387,-6.1886806,4.128686,-4.382414
ISU338,-14.197643,0.38400513,4.843221,-1.1004081,4.6518693
ISU339,-10.847789,-0.46408334,4.4719687,-0.10995378,9.488998
ISU340,-15.867165,2.1871214,3.4874182,1.3655652,-0.043890942
ISU341,-10.4754,-1.8437587,6.7001295,-5.5337486,1.8059621
ISU342,-12.812107,-0.014938855,4.133744,-4.2724624,-0.07388965
ISU343,-9.637775,3.731255,-7.1879807,2.2364285,-5.754086
ISU344,-11.968455,4.7522736,-7.7070804,5.00817,-2.950237
ISU345,-10.251823,-0.53924185,6.632683,-7.5122013,2.581427
ISU346,-17.331434,5.612897,-3.3867486,6.5511208,2.1616626
ISU347,-11.619062,-2.4055867,8.908411,-8.252716,1.4385093
ISU348,-13.25344,3.2983773,-6.7325077,4.3096366,-1.5831318
ISU349,-13.118868,0.17878382,3.4689074,-2.101231,-0.35657763
ISU350,-9.5959835,1.0191673,6.286344,-3.3135755,2.0345418
ISU351,-12.209184,-0.99828464,12.2242565,-6.8266425,4.839459
ISU352,-14.954646,3.5168915,-4.3277664,2.638143,-0.95643395
ISU353,-13.112172,-0.696244,4.750475,-5.5652275,1.8650428
ISU354,-0.95193875,-5.862119,1.2065736,-4.176837,7.9484715
ISU355,-3.5720677,1.8569696,-5.98602,0.43095392,-5.448977
ISU356,2.5052638,3.290158,-2.6907365,-1.4207453,-2.273481
ISU357,1.3034458,1.4705812,-7.5326552,-4.2129974,-2.1257834
ISU358,0.5479822,0.85943097,-4.3902473,-1.4719765,-0.76520413
ISU359,2.451269,2.1178608,-4.4977326,-0.17874172,0.90226036
ISU360,-0.10435787,2.1096313,-6.2875905,-2.5435057,-1.9566213
ISU361,3.8328516,6.5845795,-2.9501622,0.45287618,-3.596768
ISU362,-6.43301,-6.603669,9.957567,-9.369836,7.7614784
ISU363,-7.8505325,-4.537805,11.010217,-8.599397,3.7472363
ISU364,-11.052719,-4.6619825,13.488315,-10.338203,6.9458857
ISU365,-10.162875,1.6406332,-6.3889403,-2.7686865,-13.727154
ISU366,-11.991478,0.89413273,-2.9660997,-6.620973,-9.693654
ISU367,-9.400956,3.7260284,-6.364392,-2.727016,-12.243008
ISU368,-5.743996,1.4208485,-11.210758,-6.2435393,-11.941393
ISU369,-10.185784,0.039039493,-3.6377506,-7.1741047,-9.664527
ISU370,-11.941452,0.7865904,-3.7906597,8.221395,13.502366
ISU371,-13.726332,0.75896966,-1.3426367,6.5173216,14.162936
ISU372,-10.877999,-0.8139536,-0.45368958,5.7096014,13.960512
ISU373,-10.638185,-0.065818995,-1.6543199,6.5514827,12.653867
ISU374,-9.663849,0.530182,-0.9800814,7.3198023,14.036056
ISU375,-11.627219,2.4162414,-1.1496291,7.4479113,11.554715
ISU376,-10.987976,1.2288048,3.1635973,4.58617,14.242179
ISU377,-12.693992,0.55876863,-1.4090158,5.9888554,13.886136
ISU378,-9.994332,2.0978913,1.3627824,6.7223325,12.344058
ISU379,-13.830343,1.0539044,-1.2726897,5.667916,12.256138
ISU380,-13.733359,0.20627102,1.6038997,3.2963004,13.887832
ISU381,-13.249033,1.4745221,-2.0152879,7.2886424,12.9135275
ISU382,-14.007042,1.369184,-1.4990368,6.195563,12.709637
ISU383,-12.777828,2.4996014,-0.75050193,6.623066,14.846783
ISU384,-10.917421,1.4091215,-0.41765356,6.497364,11.638103
ISU385,-13.489608,3.4362655,0.40258932,6.211476,10.890114
ISU386,-10.301606,0.79825634,-1.9630756,8.452135,14.7332945
ISU387,-11.001192,2.4153497,-1.7480808,9.521282,13.966195
ISU388,-10.41863,2.4766703,-0.47903958,7.9527698,12.272161
ISU389,-11.711668,1.3052922,0.791907,7.346764,15.35632
ISU390,-12.978534,1.1670104,-2.561134,8.5333605,14.428002
ISU391,-11.550776,0.51457006,-1.037645,7.0486546,14.685386
ISU392,-11.542917,-0.21125361,1.9968132,4.9620466,13.965465
ISU393,-10.751638,2.0296953,-0.17985442,8.105459,13.116423
ISU394,-11.611572,0.94837004,-2.2089114,8.370232,14.590835
ISU395,-12.6168995,2.4346232,-3.6168034,9.167874,13.8581085
ISU396,-10.882939,1.737348,1.4036627,6.642202,16.4097
ISU397,-11.480039,-0.34549037,0.6320955,4.3575583,11.582411
ISU398,-11.787834,0.43591267,-0.42852774,6.4373064,14.864749
ISU399,-12.173812,2.4321868,-0.95417726,8.1211605,14.980985
ISU400,-12.542785,2.7003162,0.4356241,-0.084498286,-0.5272357
ISU401,-14.5189295,1.8604562,3.6888087,-2.3464365,3.9234693
ISU402,-11.741991,2.0035775,-1.0502492,1.7751083,0.19878508
ISU403,-12.735952,1.5097687,-3.0208986,2.6053734,5.925422
ISU404,-12.137374,1.5516236,7.0335593,-4.1670184,2.1966443
ISU405,-8.740021,2.6269064,3.019704,-2.7387774,1.9916335
ISU406,-14.812197,5.33409,-3.292825,5.034448,1.422249
ISU407,-12.246674,2.3197877,-1.7765574,3.5849984,-0.97548836
ISU408,-14.619774,1.106385,0.70946795,1.0327859,2.3726346
ISU409,-14.486199,-1.12161,7.066664,-3.3600194,8.534335
ISU410,-9.725181,1.3996793,2.9440691,-2.1366153,2.5719326
ISU411,-13.364088,2.1933062,2.0396585,-0.13896404,1.9083502
ISU412,-9.585531,3.6332414,-3.5716271,3.3944657,-3.0202487
ISU413,-16.494066,3.973814,0.4858422,3.4396634,3.2424197
ISU414,-12.1101055,2.8476384,1.1338476,3.2920327,4.607924
ISU415,-12.632156,2.6625285,4.8991528,-2.9656236,-0.72141033
ISU416,-13.038887,1.8313136,1.8435568,-1.4624426,1.9579811
ISU417,-14.847631,2.6804945,1.8536866,0.66573673,1.2958765
ISU418,-16.317945,1.5267191,1.6826406,0.5163046,3.7370992
ISU419,-15.164533,2.4936757,4.11663,-1.426141,1.9547936
ISU420,-13.711878,1.669074,1.5020729,0.35204917,4.266174
ISU421,-12.856908,1.8549709,5.2326913,-1.6819556,2.3444457
ISU422,-13.232339,1.8069197,2.415582,0.5781474,2.3335707
ISU423,-12.236439,3.0882268,4.0752687,-0.01020094,1.7559547
ISU424,-12.654964,3.064475,2.2992215,1.5390818,4.827587
ISU425,-16.291239,2.5426595,3.7241583,-2.7957597,-2.3741963
ISU426,-15.470885,2.522521,5.19849,-2.8086336,-1.5440003
ISU427,-13.329875,2.3658793,2.8897774,-0.21801828,3.914657
ISU428,-13.636168,1.0987835,2.2965524,-1.4613881,2.5889246
ISU429,-13.632271,2.9616501,4.21967,-1.5944341,0.042968046
ISU430,-13.403678,2.9483707,0.09047,0.8686573,-0.22060177
ISU431,-13.590355,2.2944655,2.8934987,-0.18711343,5.2108374
ISU432,-11.9151125,2.3140893,3.792942,-0.34671134,3.0406597
ISU433,-12.76872,1.854782,2.8496618,2.0335639,5.099969
ISU434,-13.532869,5.578234,-3.6159348,4.8049903,3.204124
ISU435,-15.748131,4.636321,-1.8964455,2.032463,-1.3856056
ISU436,-5.032517,2.3943312,-4.231769,3.0744274,-1.916375
ISU437,-16.104067,4.663304,-2.279834,1.4404083,-2.0337155
ISU438,-14.219162,5.1613073,-3.7831645,2.4010694,-2.2689416
ISU439,-13.469076,2.6052885,-2.9848154,-2.5369883,-1.8751208
ISU440,-13.90631,1.9934006,-2.295551,-2.6635165,-3.6459122
ISU441,-14.515285,0.18367478,1.5461602,-2.1106272,2.159068
ISU442,-12.96013,1.17279,-1.5209916,-1.9166795,-1.4619198
ISU443,-12.63918,1.7405831,-0.7177275,-1.4270366,-1.5209632
ISU444,-14.64657,0.91025156,0.59774065,-2.5621457,-0.30823767
ISU445,-14.491247,0.7563215,0.8636701,-3.3216932,-0.66874844
ISU446,-12.751786,1.706193,-1.8313898,-2.3542743,-2.9423642
ISU447,-13.072502,-0.097632706,-0.11547224,-3.5839558,-3.4408047
ISU448,-15.085258,1.2294248,0.43567172,-1.4373314,0.70699394
ISU449,-14.865595,2.2034695,-2.1760087,-2.3579793,-4.1812615
ISU450,-14.491949,0.78203684,-0.2969418,-0.891502,2.305379
ISU451,-14.354682,1.5657835,-0.7868288,-2.306196,-2.8763528
ISU452,-12.773193,1.6668464,-0.31882423,-1.8299651,-2.2826548
ISU453,-11.23549,1.733148,0.843992,-3.475691,-2.4984772
ISU454,-14.417915,0.5128222,1.4178816,-1.156192,2.7851458
ISU455,-14.519217,-0.15953368,2.7389495,-2.9207065,1.0902078
ISU456,-12.686219,0.23870102,1.0872539,-2.4252374,1.4190321
ISU457,-15.476303,1.3477098,-0.8080146,-1.1639314,0.85934234
ISU458,-13.667354,1.8462386,-2.425465,-1.439157,-4.259702
ISU459,-12.942846,1.2841593,-1.5052947,-3.081695,-4.365656
ISU460,-13.5694475,0.3833478,0.06756996,-3.7188885,-2.2250886
ISU461,-12.518304,1.7227201,-0.67353475,-0.5119907,1.6714256
ISU462,-15.113668,-0.89560264,2.2770352,-3.3097272,1.2554377
ISU463,-14.370245,0.9302691,0.2086975,-1.4282547,0.6294789
ISU464,-15.020753,-0.27107358,0.35820684,-2.3219972,-1.006747
ISU465,-6.7622766,1.1245608,-1.0719286,0.030433137,-1.9337212
ISU466,-7.206877,6.097149,-8.593073,8.890949,-3.872465
ISU467,-10.377442,3.9509518,-6.616674,6.202848,-5.912086
ISU468,-10.843892,4.443596,-7.4614687,5.135137,-8.136757
ISU469,-11.466278,5.1187544,-6.7813993,8.104893,-4.3506994
ISU470,-12.14709,3.030087,-5.8211594,6.307344,-7.88907
ISU471,-11.341919,4.1359944,-6.048201,5.7083297,-7.79221
ISU472,-7.8406725,6.2907724,-8.560501,9.347194,-3.63952
ISU473,-13.484523,4.1453385,-7.069504,4.207079,-7.8256593
ISU474,-1.3544779,2.2925699,-5.574404,5.9404597,-3.4070754
ISU475,-13.225984,4.68032,-7.539216,4.626946,-7.4896827
ISU476,-9.525101,6.2330256,-8.349257,9.139958,-3.1202183
ISU477,-11.338386,2.9883277,-4.12623,4.9440527,-6.597919
ISU478,-9.702861,3.8994586,-6.0427394,7.9797707,-5.6877146
ISU479,-14.931965,4.9617043,-4.183626,5.0327883,2.917239
ISU480,-14.622837,2.9168203,-2.3912604,5.361768,6.143192
ISU481,-13.633601,4.3583136,-5.6000752,4.539227,1.2357368
ISU482,-11.769471,5.3207297,-2.6420028,4.857928,4.30046
ISU483,-14.13237,5.520297,-6.1063685,5.3568664,0.4319062
ISU484,-14.901811,5.866798,-3.4381871,4.169323,1.8638829
ISU485,-15.043083,4.990881,-5.6560254,3.7001026,-1.5394974
ISU486,-13.262544,6.0317082,-6.452006,5.124828,-1.4227095
ISU487,-12.220087,4.700629,-5.9502244,2.0468466,-1.059001
ISU488,-11.736424,5.0774293,-3.6267211,4.2403316,3.6209896
ISU489,-14.812033,3.6652238,-4.2093434,4.9693556,3.710814
ISU490,-14.044983,5.001229,-3.0729272,3.2506468,3.0236216
ISU491,-15.150564,4.4667344,-2.3575618,2.5726979,2.557311
ISU492,-12.596548,4.7580132,-3.0100703,3.3183165,4.364788
ISU493,-13.745449,5.6161556,-7.045325,3.8393276,-1.4727297
ISU494,-13.360097,3.4149804,-5.0875754,5.042325,1.2184772
ISU495,-16.944836,3.9769225,-5.2321987,6.015826,1.7996186
ISU496,-14.232651,3.5214553,-2.3151174,3.9171877,4.906518
ISU497,-16.88362,1.1176077,-1.2381378,0.13088551,-4.3783164
ISU498,-13.753391,3.623236,-7.3947477,3.6575398,-5.0212965
ISU499,-15.890527,2.046916,-3.4718344,-0.2916282,-8.230092
ISU500,-14.642783,4.03016,-8.093351,4.321911,-5.349866
ISU501,-15.8438425,2.891319,-3.783486,-0.0105817,-8.583418
ISU502,-13.730315,1.4306545,-3.3318832,1.238648,-1.3692453
ISU503,-12.8238325,3.6325448,-7.3683534,5.1727095,-3.1234658
ISU504,-16.150347,3.8051336,-3.570686,0.8952704,-7.657076
ISU505,-14.765676,2.1460273,-3.6110997,1.7015885,1.0387846
ISU506,-15.847545,1.8699237,-1.6514924,0.8249513,-3.9833124
ISU507,-17.036915,2.1179514,0.59524536,-0.26657835,-0.9007193
ISU508,-15.645494,4.2493367,-6.5000143,6.3001194,0.21186967
ISU509,-14.516961,1.9314369,-4.6176734,0.93619895,-2.4137664
ISU510,-14.896611,1.1797988,-3.160456,-2.2850504,-7.419737
ISU511,-12.254129,4.2015886,-7.918602,5.449189,-2.3341405
ISU512,-15.533002,4.019723,-5.283256,4.5630174,0.68587416
ISU513,-15.101168,3.2547557,-5.900534,3.676678,-0.7473307
ISU514,-17.746323,2.377369,-2.6633244,0.81854147,-4.4412565
ISU515,-15.772128,4.3575487,-5.495668,3.7893748,-5.2074323
ISU516,-14.195384,2.7143898,-3.7387328,4.738213,2.469938
ISU517,-18.311392,3.5429652,-4.7967534,1.9804583,-6.5245523
ISU518,-17.746832,4.2084303,-5.406836,1.9196715,-7.862335
ISU519,-12.150869,2.063223,-3.8883252,4.487333,1.6417291
ISU520,-15.788144,3.633643,-8.180203,1.2071449,-7.245898
ISU521,-17.706163,4.4043636,-5.0302663,2.5135214,-6.3410854
ISU522,-11.804665,3.0703378,-8.631241,4.678987,-2.5614152
ISU523,-16.277449,2.8554726,-2.8470433,3.0037968,-3.3814251
ISU524,-16.808462,4.001747,-3.5936255,1.8959504,-4.456093
ISU525,-16.198034,0.80152106,0.4899488,-1.865235,0.4388999
ISU526,-14.850497,-0.07809927,0.83332634,-3.5019302,-0.9908007
ISU527,-14.939385,-1.0981069,1.5770264,0.3108665,6.3086643
ISU528,-15.388473,0.14426604,-0.45778146,1.2342592,5.0589404
ISU529,-16.181387,1.6147579,1.5658847,1.8408519,2.5515246
ISU530,-15.167146,0.55532694,2.4607008,0.89790225,2.8278651
ISU531,-14.37836,0.6171812,1.6610327,0.7135315,3.9763286
ISU532,-15.674832,1.2112751,2.2631495,2.0671058,6.223239
ISU533,-14.726763,0.18984708,3.2548435,1.2840072,5.3812447
ISU534,-16.288593,-0.037800442,3.3369565,-0.0072725536,3.8478606
ISU535,-15.151898,1.318093,0.68467027,0.3993726,-0.7580982
ISU536,-16.119442,-0.56761855,1.1638405,-0.419805,5.7548385
ISU537,-13.779321,-0.4853831,0.5671641,1.1117378,4.9431167
ISU538,-16.422943,0.65503067,3.392035,-0.92364264,5.976084
ISU539,-14.971205,-0.09046081,0.14646515,-2.2031102,-1.9073262
ISU540,-15.307411,0.6662931,-0.429361,2.294846,3.4584846
ISU541,-15.797759,4.905054,-0.58480906,10.623945,14.767088
ISU542,-14.872362,3.429468,-2.5636563,7.813565,8.271683
ISU543,-14.630004,4.634308,0.7665079,10.330521,15.360284
ISU544,-15.383801,3.6305401,1.9039984,8.034715,15.480866
ISU545,-13.642332,4.6286383,0.92940986,10.242642,17.176384
ISU546,-15.351006,3.9717178,0.09325706,10.518737,17.259275
ISU547,-15.68628,4.180733,3.3698828,8.24551,13.165411
ISU548,-14.202006,4.438001,-0.46324462,11.430608,18.43645
ISU549,-10.209713,2.5988467,-3.0012133,5.7651806,8.175329
ISU550,-15.004142,4.9752107,0.2304097,11.854643,15.986612
ISU551,-15.257772,4.0410113,1.7075871,9.620719,15.749807
ISU552,-14.070859,3.5153735,0.039585277,10.876677,19.164078
ISU553,-15.607237,4.3841166,2.0021365,8.915204,15.867817
ISU554,-13.683276,5.08532,0.3574968,11.7294855,16.325315
ISU555,-14.219849,4.108912,-0.75019544,10.601619,17.78368
ISU556,-15.905973,3.8002117,3.6719618,7.532663,13.182694
ISU557,-12.643549,3.4349287,0.40504867,11.131326,19.000801
ISU558,-14.663449,5.1325927,-1.3803434,12.833714,17.578337
ISU559,-14.982575,4.6702666,0.79221714,10.2444725,14.516904
ISU560,-13.791086,4.63262,0.12534836,10.424881,16.832596
ISU561,-14.287914,5.2136807,-0.09912854,10.77477,15.728127
ISU562,-16.827835,4.3845487,3.1661854,7.7517724,12.745643
ISU563,-14.884429,5.210442,0.45179513,10.393133,15.918792
ISU564,-14.234976,4.024441,0.9404399,10.91191,16.159008
ISU565,-14.354707,4.052023,2.8390722,8.529244,16.009705
ISU566,-14.00572,4.641827,1.6553761,10.044649,15.526017
ISU567,-12.904717,3.697825,0.38852528,10.316026,17.886175
ISU568,-16.285004,3.8929982,1.090141,8.595304,14.231676
ISU569,-14.850339,4.081735,0.025313873,11.044979,17.482828
ISU570,-15.551529,4.4251204,0.56740665,10.276262,15.599626
ISU571,-15.0612335,4.282979,2.5533276,8.19309,14.303708
ISU572,-16.44798,4.4114895,1.6876498,8.664448,12.92185
ISU573,-16.289593,4.8297114,1.7751805,10.179035,15.000216
ISU574,-14.078303,4.611323,-0.13839595,11.462498,16.046284
ISU575,-15.914292,4.4215875,2.1087327,9.072471,15.22906
ISU576,-16.14409,3.7799091,1.9907827,7.5643086,14.531931
ISU577,-16.61303,-1.4236902,3.3967023,-7.4166923,-4.9435196
ISU578,-13.688746,0.08805111,4.254398,-7.9514213,-6.932015
ISU579,-16.74628,-1.4916867,4.949002,-6.657175,-1.766713
ISU580,-14.76315,0.5270411,2.8488543,-7.7837424,-7.866213
ISU581,-15.278451,-0.15194327,4.941648,-6.074846,-3.5403955
ISU582,-15.868242,1.1642425,0.509769,-6.5855074,-9.8532095
ISU583,-16.279978,0.47988588,3.3057432,-6.4422426,-5.0702925
ISU584,-14.38594,-2.2579103,6.51965,-8.09397,-2.6881764
ISU585,-14.670533,-0.10215563,2.213321,-7.846482,-8.154171
ISU586,-16.763098,1.1268733,3.465053,-5.198582,-2.4610944
ISU587,-16.516672,-0.25706255,4.992364,-7.1186037,-3.2212324
ISU588,-15.469772,0.20491858,0.8252245,-7.0915303,-6.794983
ISU589,-16.805696,1.2191898,2.743781,-5.297444,-3.346661
ISU590,-15.636731,-0.99748725,4.92878,-7.1421394,-0.8443495
ISU591,-13.995028,-1.5316533,4.197832,-7.4880834,-3.5765343
ISU592,-16.190859,-0.08485582,5.4746747,-7.070986,-2.5533595
ISU593,-15.183263,-0.68411523,2.400791,-9.144088,-7.856896
ISU594,-16.180317,0.22939633,1.7754171,-7.5496464,-8.810135
ISU595,-16.198408,-1.1296268,1.8014603,-7.7739615,-6.0889697
ISU596,-15.931257,-0.8379026,4.620785,-7.7160354,-2.5642965
ISU597,-16.96854,-0.13706596,2.925507,-6.0189977,-2.1502001
ISU598,-14.473399,-1.0229996,3.2399414,-8.884751,-6.675127
ISU599,-16.15116,-0.9576858,4.57593,-7.329853,-1.9906799
ISU600,-15.470877,0.7158173,3.9641678,-6.279735,-3.892097
ISU601,-14.230445,-0.30432597,4.8224463,-5.843776,-1.626697
ISU602,-16.212103,0.06626282,5.077516,-7.2151685,-2.3487005
ISU603,-16.370947,1.8761615,-1.2474663,-4.855237,-5.376897
ISU604,-12.725076,2.3927085,-0.2258139,-4.203669,-6.912111
ISU605,-16.377054,3.8371766,-2.0053535,-3.7393165,-7.762272
ISU606,-12.251252,2.1006103,-1.7113041,-4.7688556,-4.750124
ISU607,-16.137024,1.3171145,0.21821804,-4.8071218,-7.3314
ISU608,-14.664677,4.827838,-5.1431646,-1.076693,-8.833016
ISU609,-15.117429,0.11960301,2.2573185,-7.0531898,-3.3272839
ISU610,-14.656847,1.1021075,-1.2930485,-6.9801464,-7.370792
ISU611,-13.764971,2.6419196,-1.7398765,-2.6623406,-7.1243196
ISU612,-12.127352,0.09711858,-0.39714435,-5.8449435,-6.447215
ISU613,-13.338686,-0.20544611,-2.3567655,-5.114204,-8.240286
ISU614,-13.382789,3.2578611,-1.8918502,-1.2741464,-5.1997066
ISU615,-14.660326,4.1995025,-2.371774,-0.4609461,-5.624283
ISU616,-14.153601,0.57801855,-2.1829593,-4.522681,-6.2992053
ISU617,-9.290747,1.391879,-3.0987601,-4.065109,-4.081022
ISU618,-8.140324,0.40108585,-0.67260504,-8.420771,-3.140244
ISU619,-8.189786,0.39144558,3.1966722,-9.199506,-3.421676
ISU620,-10.567516,-0.89084077,1.0203985,-5.4701767,0.96122617
ISU621,-10.227968,1.3922149,-0.75302,-7.008975,-5.0732164
ISU622,-9.972149,1.4800841,-3.8185508,-6.4313097,-4.4311714
ISU623,-11.981353,-0.5461664,0.68576247,-7.3187933,-2.822761
ISU624,-9.636121,1.430587,1.266273,-11.13729,-6.780572
ISU625,-11.377736,-0.23315431,-0.21060242,-7.385181,-4.0312033
ISU626,-12.109215,1.8676763,-2.514187,-6.2298803,-7.0004005
ISU627,-12.593285,-1.2566644,2.145636,-8.219354,-1.700143
ISU628,-9.173284,0.90673864,1.8684057,-11.125801,-4.56274
ISU629,-12.394597,-0.7432006,0.7655646,-7.0157704,-1.5840352
ISU630,-2.1599402,0.12935959,-1.5243447,-0.5549593,0.17994367
ISU631,-9.15481,1.8808638,-2.4871025,-5.7041073,-5.377634
ISU632,-9.67369,0.4353728,-2.0177069,-3.0339766,-2.0095398
ISU633,-9.462636,-0.5506321,6.550114,-11.357564,2.6331184
ISU634,-11.833249,0.33148485,-3.9332414,-4.742909,-8.863033
ISU635,-9.237924,0.45708448,-1.3130152,-6.548437,-3.6113727
ISU636,-10.925528,-1.6504452,2.2148337,-6.220205,3.7614403
ISU637,-7.2473855,1.3266014,-0.48298398,-6.5579715,-0.36569962
ISU638,-7.0147886,1.6000425,-7.4296737,6.447508,-1.4332259
ISU639,-7.915803,3.1895323,-7.2576046,7.5698247,-2.320506
ISU640,-15.351846,3.7790267,-4.0214434,7.565408,0.117257185
ISU641,-10.700134,2.2616813,-3.8535595,7.2608914,-0.54982847
ISU642,-7.8385167,2.8087962,-8.615244,8.467657,-0.65424144
ISU643,-12.403833,2.040859,-5.669673,4.406167,-0.47997692
ISU644,-10.139891,2.499263,-7.3098845,6.702396,-0.17795612
ISU645,-12.643932,3.7271624,-5.82601,7.302523,2.3825552
ISU646,-18.143948,4.6693373,-1.8328875,4.7897444,0.12403326
ISU647,-14.309315,2.0557618,-0.92807627,0.12421494,-2.8747084
ISU648,-12.412958,3.2790132,-4.1439204,4.961169,-1.5350368
ISU649,-9.372959,1.1383624,-2.2539227,3.2770655,-3.474714
ISU650,-11.350898,2.782015,-3.5676455,8.173268,3.335884
ISU651,-13.036111,1.9663196,-5.6349983,3.6655476,-3.4227269
ISU652,-10.189746,2.070889,-2.909034,2.7551417,-5.05097
ISU653,-11.716578,2.4902685,-3.6095028,5.300605,-4.5248294
ISU654,-12.099235,3.7040718,-6.54224,9.269405,1.8253353
ISU655,-15.089354,3.6471367,-5.587155,6.5826745,-0.5278432
ISU656,-13.76458,3.313795,-2.43322,4.350087,-1.2522312
ISU657,-16.540344,3.27534,-1.4274157,2.2772963,-3.9070625
ISU658,-14.84294,3.4818478,-2.6830559,8.194252,6.1053643
ISU659,-15.781644,1.9603958,-3.3980803,2.9162495,-0.80144316
ISU660,-11.9464855,4.051027,-6.9366903,7.6707373,-2.2014513
ISU661,-14.990859,2.861954,-0.15808773,2.5894825,-3.9864247
ISU662,-13.853976,2.4595964,-6.5709386,6.2043276,2.69149
ISU663,-16.703176,3.4376729,-1.6075414,4.0542226,-1.6944541
ISU664,-10.293559,3.7634623,-8.429619,9.637181,1.1482288
ISU665,-12.831668,2.495879,-4.568667,3.4437973,-4.3544645
ISU666,-12.872171,3.1510873,-4.4660354,0.2497627,-10.325281
ISU667,-11.3324585,1.9298588,-4.845157,2.3011498,-6.791774
ISU668,-12.125734,5.328822,-8.651189,4.353236,-6.5572314
ISU669,-11.493613,4.3387413,-6.575655,-0.85055417,-11.688871
ISU670,-10.830842,4.2768474,-7.6618323,1.048471,-8.296141
ISU671,-12.761682,2.9436429,-7.717905,2.514311,-7.680162
ISU672,-11.627074,3.4760141,-5.6409063,5.053557,-5.7321787
ISU673,-11.498874,4.571891,-8.677796,3.4008002,-6.8392196
ISU674,-15.378992,3.6115508,-6.0394144,1.2271285,-9.315417
ISU675,-9.581731,2.4461386,-3.4837174,-0.97508264,-9.791611
ISU676,-12.336399,2.4115999,-4.6007285,-3.0520184,-12.43402
ISU677,-10.836564,4.4123354,-6.942352,0.11453541,-11.563329
ISU678,-12.258209,3.2802813,-1.3048282,-2.552141,-1.8478425
ISU679,-15.989809,1.108757,1.4305443,-1.0695866,1.0966675
ISU680,-14.387615,3.0048668,2.8600748,-1.6374632,1.6513473
ISU681,-12.765592,2.5507336,2.072429,-1.3809097,1.3663739
ISU682,-13.041605,2.6985097,-0.8415723,-2.5293634,-1.8447819
ISU683,-12.502947,4.7924585,0.3900105,-2.4740367,-2.838175
ISU684,-13.338044,2.6681755,1.2036089,-0.9831412,0.5384844
ISU685,-13.899173,2.6415763,1.8742392,-1.6133267,1.6626817
ISU686,-14.555634,3.65892,1.4368479,-0.7318114,2.7038076
ISU687,-10.736386,3.9067264,-3.3759286,-2.5335202,-5.974464
ISU688,-12.810266,2.9614222,-1.9073471,4.0488005,5.964009
ISU689,-14.421983,1.0671848,0.5250426,2.3768446,5.2446795
ISU690,-13.347008,0.31691125,-1.275933,2.8438916,5.6000266
ISU691,-16.057806,-0.4904269,2.368952,-0.99243987,4.565347
ISU692,-15.699381,1.4680246,0.8565477,-0.10218039,3.4746425
ISU693,-11.765142,-0.10166929,-0.19923438,1.4296992,6.486614
ISU694,-9.522048,0.74246013,-2.825349,2.956615,8.09112
ISU695,-13.042992,1.9602168,-1.6379246,2.2708316,6.4180803
ISU696,-14.839571,1.6554296,-0.8517806,2.2217653,1.3528368
ISU697,-9.721153,1.1351148,0.43748415,-0.025596015,2.2726605
ISU698,-9.596097,2.0615835,-2.405657,3.6672668,7.259332
ISU699,-15.15527,1.6273731,1.9020596,1.7553428,3.3758357
ISU700,-15.349596,1.1938746,0.5080708,0.46093938,2.1170552
ISU701,-12.695868,2.4945247,-2.492887,3.1086667,4.0801253
ISU702,-12.743788,1.7235752,2.856497,-2.3685873,0.3932119
ISU703,-15.235887,0.90039885,2.0209515,-1.1370701,-2.151764
ISU704,-11.920891,0.16845515,6.0192018,-4.6954074,-0.15749635
ISU705,-14.614394,2.0643196,0.4180543,0.7937953,-0.22400789
ISU706,-12.955863,-0.44394943,5.0996294,-0.45750913,1.6601849
ISU707,-11.259113,2.1695697,0.86104393,0.28448367,0.26753137
ISU708,-13.483818,1.3273913,2.149011,-0.6000718,0.6361093
ISU709,-12.270286,0.86272675,2.062658,-0.90996057,-0.333484
ISU710,-11.379622,2.601625,-1.527661,-3.029256,-5.9860992
ISU711,-12.587863,0.5651937,1.2394801,-0.19417876,-3.4442852
ISU712,-12.492341,1.5162139,2.5781114,1.0269186,2.3264415
ISU713,-12.67309,1.5126238,2.5559464,-2.2052872,0.53397703
ISU714,-12.940435,0.13941939,2.8621423,-1.7600359,-0.08165294
ISU715,-12.231925,1.3336377,4.451985,-0.14780319,1.6568034
ISU716,-11.059285,1.8921467,-0.5762124,-2.772743,-5.3648133
ISU717,-11.185703,1.0030094,2.4302554,0.9236865,2.6118073
ISU718,-14.468681,2.6650636,-2.1757176,-1.5794954,-5.8466134
ISU719,-11.986984,1.5921687,1.1062242,-1.2670629,-2.5292306
ISU720,-11.11922,2.2111335,0.9640357,-1.9330758,-2.4822807
ISU721,-15.574491,1.5766344,0.57493114,1.3327543,0.58650535
ISU722,6.0703015,0.83551997,-3.7241614,5.5966206,0.71081537
ISU723,7.7011704,0.99779826,-4.9798303,5.53083,1.0660081
ISU724,7.179729,1.227663,-4.8550143,4.659745,1.2955887
ISU725,7.9846616,1.0143312,-4.5557156,5.2420173,0.53531814
ISU726,7.5674715,0.600306,-4.5724244,6.0142784,1.7315791
ISU727,7.5259624,0.6099935,-4.616055,6.0133653,1.6930473
ISU728,6.6018543,1.0050458,-5.1961536,5.346554,1.5653913
ISU729,7.401472,1.2088555,-4.1179304,4.9175406,1.4404929
ISU730,8.303628,0.23475909,-4.682534,6.2983766,1.319896
ISU731,-14.884805,3.7392428,0.022437958,-5.3641667,-7.021469
ISU732,-14.370806,4.8875046,-1.5392113,-4.10923,-7.7045703
ISU733,-13.738715,6.5381885,-1.7516798,-3.4080026,-8.146444
ISU734,-14.551273,5.60967,3.398962,-4.8269153,-4.320414
ISU735,-13.794594,7.429551,-2.5496988,-2.3338957,-6.1695395
ISU736,-12.709202,8.15665,-2.4124625,-3.3597746,-8.475478
ISU737,-15.89603,5.635651,-1.658436,-2.8265474,-7.742015
ISU738,-14.781105,5.9820576,-2.2981327,-3.7838552,-9.539414
ISU739,-14.132629,5.346082,-0.15109256,-4.391716,-7.8127217
ISU740,-13.090364,6.089565,-0.54308,-5.148901,-7.1454062
ISU741,-13.270329,4.684386,1.2981709,-5.6790533,-6.297756
ISU742,-12.272861,5.6959467,0.8250794,-6.105981,-5.7372665
ISU743,-13.931745,5.4403195,1.3965068,-5.2626944,-5.8886385
ISU744,-14.380059,5.603208,-2.539209,-3.7501569,-8.891444
ISU745,-12.832646,6.340858,-3.6771998,-4.171987,-9.210614
ISU746,-12.672312,5.3605075,1.8907714,-5.66314,-6.5078664
ISU747,-14.354675,5.138385,-1.2928556,-5.384593,-7.0344563
ISU748,-11.786794,7.3700447,2.5157053,-4.66244,-3.1749663
ISU749,-15.045973,5.3535004,-0.43416846,-4.378034,-7.186142
ISU750,-11.294873,1.5864369,-2.8223615,1.8565142,-3.2918642
ISU751,-10.341463,-0.15667804,-4.7994194,0.28644767,-4.875257
ISU752,-9.813701,0.55983925,-4.3710485,0.062316906,-4.8469563
ISU753,-7.819818,1.6710814,-3.1798997,0.98969936,-4.1955814
ISU754,-14.520199,3.461274,-6.0239415,-2.0864928,-8.889724
ISU755,-11.403207,2.6035545,-5.818508,2.6294649,-7.3905754
ISU756,-9.56319,0.9335391,-3.3930788,0.6515372,-5.3554125
ISU757,-10.071529,1.9117064,-3.6905289,0.86096334,-4.396277
ISU758,-9.611334,0.7743998,-6.1272445,1.9775642,-3.4511356
ISU759,-11.501294,1.9016507,-2.3360522,6.432909,8.7523775
ISU760,-11.899782,3.359288,-5.2325816,0.25439662,-4.6406083
ISU761,-12.541357,5.377875,-8.384514,2.7657726,-9.775775
ISU762,-11.808731,3.6427555,-5.619521,1.6654348,-8.508583
ISU763,-8.790461,1.598151,-8.861649,1.9282355,-5.010316
ISU764,-12.410932,4.8401594,-5.872842,2.7143471,-3.9971747
ISU765,-6.758534,0.26257837,-0.34112144,2.5204465,3.2974396
ISU766,-12.859839,4.234515,-6.760306,1.2648952,-6.114592
ISU767,-8.855446,3.314761,-6.6470947,5.1903033,-2.0717933
ISU768,-11.3462105,1.8059347,-4.8964367,0.7584397,-4.7702227
ISU769,-12.045828,1.2215296,-3.1320658,3.1155841,1.8955379
ISU770,-8.161539,0.38526547,1.7426872,-0.023234988,3.4945333
ISU771,-14.769212,-0.12180496,1.4361833,-3.947474,-2.8431437
ISU772,-14.831962,1.1219935,-1.0093806,-1.7430044,-5.148335
ISU773,-11.934219,0.09476061,0.50614727,-2.6067717,-4.1305475
ISU774,-13.919977,0.76017433,0.87156266,-3.1409998,-4.3867207
ISU775,-11.409017,1.7130721,-0.8410306,-0.4775425,-4.76637
ISU776,-13.32471,0.79311997,-1.2807047,0.14950998,-3.0092354
ISU777,-14.655706,-0.22971524,3.1063957,-3.2687263,-2.1139755
ISU778,-11.346102,0.7241498,1.2493562,-0.7536322,-2.1129656
ISU779,-13.121498,0.41386086,-1.2297192,-1.715138,-1.136985
ISU780,-15.356432,-0.5551543,-0.042986844,-2.3016384,1.5930748
ISU781,-14.451286,1.8612361,-0.35056394,-0.55150384,-4.547781
ISU782,-13.16379,0.7296486,-0.692248,-1.0735313,-1.5396899
ISU783,-16.102316,1.1920407,-0.067819476,-1.707695,-4.641
ISU784,-14.970831,0.9243062,0.24192047,-2.2501202,-2.957986
ISU785,-12.616864,0.43131182,0.18113984,-2.8391652,-2.4100182
ISU786,-13.357224,-0.9201205,0.92974764,-4.3825803,-0.5830781
ISU787,-13.374907,0.9017632,-2.6379247,-0.9352714,-2.5135062
ISU788,-14.157795,1.1262299,0.285926,-2.8896632,-4.4372067
ISU789,-12.554399,-0.722085,2.0267813,-3.4118848,0.009049839
ISU790,-14.630716,0.51022404,0.76254493,-2.8525991,-4.4344673
ISU791,-12.116312,1.8007445,-0.6197881,-0.9901762,-2.8435695
ISU792,-14.95363,-1.2137038,0.7171503,-2.3420558,1.4878097
ISU793,-14.863876,0.56663847,-1.2596202,-4.0090303,-6.3535285
ISU794,-13.345483,0.50642914,-0.9225101,-3.2945967,-6.2844605
ISU795,-12.552895,6.305409,-4.9727364,6.846512,3.2884462
ISU796,-14.284679,4.6107183,-3.6038795,5.0829244,-0.44388378
ISU797,-13.181784,7.0613103,-2.5968003,6.702621,4.1548605
ISU798,-12.994046,5.1812267,-1.6063986,0.83911705,-2.6665382
ISU799,-13.053452,5.4884577,-6.895519,8.978687,4.8137097
ISU800,-14.566227,6.277099,-3.273299,1.5945755,-3.2839005
ISU801,-11.783084,5.3291993,-2.3592992,4.5559235,5.2075663
ISU802,-14.181779,5.0376024,-1.7459913,6.525255,5.4735856
ISU803,-13.7378645,4.386897,-0.47122878,2.2459104,0.83260417
ISU804,-11.246299,5.378272,1.2600875,1.5134177,0.9834812
ISU805,-11.619605,5.509185,-3.7649703,5.8087606,3.6855047
ISU806,-13.043842,6.7394176,-2.1926672,-0.19042394,-5.661855
ISU807,-14.298964,4.513814,-1.1710526,5.2553434,4.0403414
B101,10.314592,8.082848,-2.7636914,2.3179116,2.6880078
B126,11.005137,5.962098,-4.37999,3.4044683,1.9612708
BQPM16,11.537496,10.119396,-1.3281612,-0.11880801,-0.4186693
BX029,17.016178,18.674538,4.1450143,-0.63771105,-2.2213593
BX036,16.42619,19.330189,4.3532214,-1.5015901,-1.2438161
BX067,17.965603,23.695799,5.3243203,-4.127956,-1.6705638
MBS8321,14.302052,-10.947934,5.040989,16.630465,-7.1018825
NC350,1.8754581,1.4421966,-4.9328666,4.421312,-0.57048756
PHB4733,12.1626425,9.853764,-3.7492123,2.6467607,1.762084
PHG35,14.774364,14.603041,-3.172861,-0.5764571,2.9152243
PHG83,12.423807,-6.6610613,0.053907476,14.732317,-1.1426415
PS110,12.522532,11.829907,-1.3245629,0.53480536,-0.6068524
PS1.9,11.072226,6.1524253,-4.1942925,1.4918749,1.1386697
R10P32,13.826945,12.650942,1.4275029,0.48379117,-0.081684075
R11P30,17.440786,23.339445,4.558302,-3.7315195,-1.5247041
R11P31,15.843431,18.239435,2.649979,-3.4816391,-0.6618197
R11P32,10.344696,7.5651855,-0.67757237,3.026719,0.91199946
R11P34,17.520773,22.96978,5.2340403,-3.6238933,-1.1875857
R11P42,16.013552,17.374252,-7.361045,-1.092416,3.8023095
R12P42,14.032578,-6.1843896,-7.5579686,6.06788,3.9209049
R2P18,8.446703,4.9251523,-2.3810623,4.077484,1.2839396
R3P14,9.941277,5.7472315,-2.6829448,4.1786976,1.6129342
R3P16.01,5.079131,1.0923098,-5.492924,3.4310331,-0.18915507
R3P16.02,4.3977056,0.6695541,-5.62664,2.9481332,-0.7576114
R3P16.03,4.47486,0.6382705,-5.228756,3.564207,-1.1389989
R3P16.12,5.4240537,1.5173372,-5.5583,3.7047126,-0.2701701
R3P17.01,3.5863898,0.4160913,-4.9990616,3.7991104,-0.9135059
R3P17.02,4.006751,0.6923683,-4.915796,3.394037,-0.55743253
R3P17.04,4.3333025,1.0687251,-5.070671,3.6518793,-0.91193134
R3P17.06,4.8099623,0.9467539,-5.2197924,3.6800692,-0.53541344
R3P18.01,4.022161,0.23530515,-5.8838882,3.9528556,-0.73588175
R3P18.02,3.6599877,-0.20516703,-5.7889423,3.9994478,-0.7152451
R3P18.03,3.9416637,0.04286909,-5.5982056,3.8403761,-1.5260354
R3P18.04,3.7409053,0.75335705,-6.2017875,3.7111638,-0.3849415
R3P19.02,4.3639193,0.04573426,-5.419869,3.7064517,-1.6984382
R3P19.03,4.1206365,0.094164915,-6.576851,3.6091053,-0.24944615
R3P19.04,6.338204,0.5261773,-6.042261,3.7650187,-1.0604973
R3P19.05,6.811682,3.1592124,-4.4978986,4.1949596,0.009603757
R3P4,8.2483635,1.9950641,-4.139592,5.627201,1.1304251
R3P6,2.619623,0.35728395,-5.298931,3.5259836,-1.3235985
R3P7,2.8846073,0.08039894,-4.974215,2.4519877,-2.0386262
R4P10,8.468564,1.3318295,-4.6463532,5.821205,1.4868463
R4P11,7.405383,1.7639729,-4.9151807,6.402108,1.8959394
R4P12,10.282027,1.0098482,-6.92338,6.624492,0.7297597
R4P4,9.041545,1.9273572,-4.718192,6.2050047,1.6880867
R4P5,9.249824,2.1100433,-4.7078032,6.2038302,1.658048
R4P6,7.8066216,1.2400396,-4.132133,6.0040355,0.48603058
R4P7,8.649503,1.7944278,-4.583192,5.9851613,1.4634205
R4P8,7.9532485,0.5131217,-5.033617,4.4711237,2.094219
R4P9,9.4436455,2.177064,-4.8853426,6.175147,1.6232167
R5P18,10.659693,-2.6150217,-4.339912,7.6500263,0.10892421
R9P17,15.009413,16.427826,-1.6814016,-2.1541555,0.9281964
R9P32,20.47759,27.906593,5.275667,-6.944622,-0.5010327
UHF134,13.629483,4.669044,-0.9772525,4.5230355,-1.3007993
W22,1.2190076,3.6801438,-3.330221,6.0409575,1.1370631
X22S002202,-2.7920985,1.637642,-1.5798367,7.022789,5.464832
X23W165201,6.7192583,0.33099428,-4.4669933,5.890783,-0.6415725
X23W165202,6.7301254,0.33961198,-4.475032,5.913517,-0.62416524
X23W165301,5.2546506,0.59338707,-5.7580338,6.0674934,-0.40359944
X23W165302,5.154627,0.58284944,-5.7414565,6.027618,-0.46787986
X23W165303,5.3618875,0.625573,-5.2970667,6.3169384,-0.59296817
X23W165304,5.1934557,0.55872,-5.71312,6.0482445,-0.44535047
X23W165305,5.1773233,0.56955504,-5.754751,6.0094976,-0.45360175
X23W165501,11.701915,7.2439876,-2.7692747,2.41335,0.9004555
X23W165502,13.2562895,13.033836,-1.0113093,-0.24183,-0.30932438
X23W165701,10.482224,6.5394044,-3.3265264,1.6569493,1.2103643
X23W165702,10.482224,6.5394044,-3.3265264,1.6569493,1.2103643
X23W165801,12.883232,11.017481,-0.10255506,1.0125189,0.016967833
X23W165802,12.1542425,10.023866,-1.6634895,0.9139157,0.6354586
X3AZA1,11.554613,11.023856,-3.2298553,0.43709555,3.3234398
X85CSO1,9.670009,-0.67059255,-7.8427353,5.0174823,1.155413
X90DJD28,18.873308,24.607046,0.07454686,-5.9162216,2.4081798
B73,10.282027,1.0098482,-6.92338,6.624492,0.7297597
BM05,10.443987,0.8741464,-8.269141,7.2105513,2.7469802
BM052n12B,-14.691658,3.5237253,1.1481475,5.3921804,1.8735956
BM05n1201,15.861685,-15.870959,-14.761007,-5.5113587,1.12842
BM06,12.148301,9.815042,-3.7836092,2.6363358,1.7844054
FBPL,16.917448,20.248714,2.830853,-3.6853998,0.1044094
LH287,8.834408,-1.2569573,-9.081444,6.498579,2.9915943
MBWZ,10.808576,-3.3755884,0.6364942,12.581218,-1.8938589
Mo17,21.183847,29.285776,8.284079,-7.3970723,-1.497534
PH207,13.185593,-7.7311234,11.283011,24.070425,-9.706183
PH37C,18.188534,23.176508,-3.380449,-5.0068755,3.6082063
PH41E,12.117724,-4.426577,-4.767619,9.642375,0.43745574
PH63A,15.186791,12.024847,-1.1885997,3.470607,1.1670845
PHAG6,18.724798,25.584257,1.3081024,-6.353983,-0.36783874
PHB47,16.38168,18.194317,1.466316,-4.2404118,-0.12841204
PHBE2,18.724798,25.584257,1.3081024,-6.353983,-0.36783874
PHBG4,11.833141,-3.3474412,-3.9922376,11.425877,1.5909139
PHG29,13.002036,-7.68262,9.188065,21.977734,-9.036208
PHG47,-14.66954,3.4955428,1.8908286,5.932774,2.4225442
PHKV1,10.992017,-2.9303463,-1.4582782,12.190915,0.259509
PHND1,12.714889,-4.9576344,1.0745714,15.907975,-2.86826
PHTV7,11.761631,12.001627,-5.5745792,0.13376722,1.5350404
PHW30,11.925807,-6.1550684,2.2693613,13.8044815,-4.9656105
PHW52,19.451885,25.054543,-3.6652052,-5.882871,3.9106092
PHZ51,12.846798,9.529435,-2.4368217,0.5358365,0.20679642
WKBC5,8.569567,0.86325717,-6.2732344,5.6544404,1.5074974
MOB404.1,18.324331,16.620192,8.57255,1.6788973,-3.9372847
MOB710.1,18.090588,8.88838,12.847218,8.447307,-5.9716964
MOB711.1,18.19248,11.291272,11.531266,9.8190565,-6.3870225
MOB712.1,19.560595,26.513184,3.1303754,-6.591008,1.1129158
MOB365.1,18.766659,22.386095,-2.9001236,-3.6800656,3.3524427
MOB713.1,18.382187,24.116516,2.3525274,-6.5328074,-0.16551656
MOB414.1,18.583878,6.9389977,-4.6172857,-7.3269267,-0.16091827
MB089,15.8083105,-13.518015,-2.8860273,7.214805,-4.54669
MB090,15.91889,-13.489253,-4.714201,2.6325772,-5.88998
MOB720.1,16.632189,-14.982164,-4.2781544,5.4538794,-6.2237053
MOB719.1,15.224945,-11.598929,-1.314585,9.3295765,-4.6784024
MOB718.1,14.922651,-11.554403,-1.3961753,7.335584,-4.7796707
MOB387.1,13.496869,-11.286365,-4.202103,8.572265,-2.9791818
PS001,8.670462,4.129109,-4.350536,3.3119068,0.82162064
PS002,9.403278,1.446043,-4.4795685,7.133784,0.60790366
PS003,8.854308,0.79793394,-4.9417024,7.1724544,0.6343152
PS004,8.975511,1.2612473,-4.8144383,7.167089,0.61982465
PS005,9.588624,1.1015643,-5.194949,7.829239,0.60834724
PS006,9.097738,1.3090645,-5.0490723,7.5784006,0.35620576
PS007,16.110355,18.719995,2.2526076,-2.6639879,0.058183573
PS008,9.330504,1.2979361,-5.108704,7.505164,0.4378825
PS009,8.827449,0.9488287,-4.600507,6.8383245,0.5798592
PS010,13.043028,13.295224,1.8082919,0.45778114,0.77181554
PS011,8.759833,0.7163617,-4.805409,7.6253185,0.9230154
PS012,8.784192,1.2602996,-4.156355,7.878055,0.76188344
PS013,16.125338,12.49924,-0.20067622,0.66468275,3.9140892
PS014,4.705701,0.47956708,-5.002082,3.002642,-0.145506
PS015,13.675371,12.7582035,-3.9362602,1.0770167,2.8123279
PS016,15.244456,15.380637,-2.9232552,-1.741949,2.4733322
PS017,13.604318,12.290567,1.49938,0.3111769,0.66467726
PS018,8.112242,1.0504787,-6.942364,2.6274006,0.2030262
PS019,21.183212,29.282799,8.289064,-7.3939433,-1.500896
PS020,10.311781,0.9412231,-6.7308893,6.552592,0.66294503
PS021,3.3559668,1.0729303,-4.891161,5.4980326,1.7622119
PS022,8.96717,1.9714966,-4.6400256,6.1779313,1.7331563
PS023,11.320198,4.8227143,-2.8849082,3.5713277,0.9566023
PS024,12.841067,11.269066,-0.14965329,0.5890856,-1.103153
PS025,10.484079,6.498739,-3.304583,1.6919912,1.1857632
PS026,-2.1071303,8.409566,1.1942962,3.9461854,2.0060983
PS027,15.937374,18.333746,2.8556128,-3.668586,-0.6662904
PS028,19.54158,22.246622,4.0747128,-1.5832896,-1.4967073
PS029,10.784268,5.7963786,-3.0788627,4.5438466,0.79475385
PS030,-17.09444,4.2700753,0.6480305,7.124885,3.216795
TL031,-11.467682,-4.3088527,9.442376,-8.594291,4.1985765
TL032,-10.758715,-3.270946,13.675436,-11.760032,-0.40575448
TL033,-6.882978,-2.8563516,12.690684,-9.238125,3.863528
TL034,-6.4678445,2.109056,5.892372,-6.665266,-2.0842662
TL035,-6.0496154,-6.4221373,11.517724,-9.29978,13.961734
TL036,-9.116998,-6.579198,13.03355,-11.553402,3.5290644
TL037,-10.702642,-5.3393235,11.247558,-9.310873,5.79587
TL038,-7.5744376,1.9728057,10.432254,-9.167025,-2.2310634
TL039,-7.525522,-0.16516052,13.061736,-9.415247,1.2200699
TL040,-2.067242,-3.7451222,3.8177552,-5.2298193,4.6231866
TL041,-9.089843,-3.7987514,13.87106,-7.7669225,8.90807
TL042,-8.021526,-0.7055171,4.456687,-5.1817894,-4.498589
TL043,-8.943083,-3.6642816,11.480423,-9.2626095,9.677432
TL044,-10.162875,1.6406332,-6.3889403,-2.7686865,-13.727154
TL045,-10.186419,0.036061715,-3.6327643,-7.1709757,-9.667889
TL046,-10.564964,2.1985195,-4.484102,-5.512589,-8.820308
TL047,-8.077897,1.4645747,-9.158593,0.044770878,-9.618145
TL048,-10.908395,2.581885,-6.838044,-0.14514028,-7.245789
TL049,-11.25981,-0.27389023,-4.8439946,-2.514413,-7.274185
TL050,-11.180458,1.659897,-6.432295,-0.79380906,-7.2170396
TL051,-7.953976,-1.7817373,-2.0908718,-5.039216,-2.6390064
TL052,-11.732213,5.192935,-6.0784283,-4.874816,-14.550602
TL053,-10.22507,1.2738818,-9.720159,-3.0259502,-5.6350336
TL054,-5.746083,1.41773,-11.205994,-6.242685,-11.943926
TL055,-10.4432535,4.1039414,-6.8538265,-3.42357,-12.298402
TL056,-10.182583,2.4981723,-9.459336,-5.602209,-11.769678
TL057,-13.27628,1.798529,-8.100473,-2.0119884,-14.428518
TL058,-11.298294,3.4165564,-9.47551,-1.0463103,-9.5176115
TL059,-8.730496,3.7348523,-13.280175,0.44527695,-11.985828
TL060,0.1659803,6.286165,-1.7405742,-1.0206305,-3.1600993
TL061,1.736131,5.089594,-8.940565,-2.7200694,-5.5650578
TL062,3.7158089,2.5365977,-2.8960242,4.2081556,-3.0779912
TL063,-13.015282,4.165035,-6.582878,9.061503,-1.4895445
TL064,-11.962173,-3.7311754,19.5875,-11.560443,6.1943526
TL065,-16.046946,5.964471,-3.1606634,1.1660371,-5.3615704
TL066,-11.308448,3.9564228,-3.1093493,8.508553,6.72143
TL067,-16.680708,2.6562707,-8.933195,-3.7187753,-15.290929
TL068,-10.648144,4.7709255,-2.8049567,6.6101665,1.5569899
TL069,-11.732648,0.09983726,3.155248,1.5260868,2.9025013
TL070,-9.838703,3.2339866,-1.6569531,8.347914,8.183795
TL071,-15.40423,5.7340875,-4.8436675,15.721859,14.034238
TL072,-10.064304,0.10535387,-2.838741,2.9760494,4.358019
TL073,-0.98583275,-5.8469024,1.1926358,-4.199713,7.9694285
TL074,3.838764,6.600439,-2.9474192,0.47116902,-3.5868614
TL075,-0.8137602,0.12789704,-4.9463596,1.1207966,-0.9552361
TL076,2.4752438,2.1119726,-4.472238,-0.14796264,0.8756829
TL077,-0.14610401,2.0714784,-6.2678466,-2.5573447,-1.9364473
TL078,-3.545095,1.8322701,-5.97959,0.42896706,-5.4475274
TL079,2.5080483,3.2561474,-2.6784627,-1.3866419,-2.228098
TL080,1.3350114,1.4983231,-7.479587,-4.208514,-2.1388276
TL081,1.1592687,1.5278827,-5.267076,0.6980078,-0.840042
